1716056492819663286,4.589998722076416,4.600053310394287,-3.141594493466613
1716056492939635515,4.589998722076416,4.6000871658325195,-3.1415918303055435
1716056493058416128,4.589999198913574,4.600119113922119,-3.141593161886078
1716056493179165840,4.589999198913574,4.600150108337402,-3.1415926292538643
1716056493301544427,4.590000152587891,4.600181579589844,-3.1415928955699712
1716056493420922756,4.590000629425049,4.600213527679443,-3.1415928955699712
1716056493538903713,4.590000629425049,4.600213527679443,-3.1415928955699712
1716056493659395217,4.590000629425049,4.600244522094727,-3.1415928955699712
1716056493778191089,4.589999675750732,4.600261211395264,-3.1415926292538643
1716056493901569366,4.590000152587891,4.600261211395264,-3.1415926292538643
1716056494020256280,4.589999675750732,4.6002607345581055,-3.1415926292538643
1716056494141019821,4.589999675750732,4.600261688232422,-3.1415926292538643
1716056494261395215,4.589999675750732,4.600261211395264,-3.1415926292538643
1716056494379995584,4.589999675750732,4.600261211395264,-3.1415926292538643
1716056494500327110,4.589999675750732,4.600261211395264,-3.1415926292538643
1716056494619856357,4.589999675750732,4.600261211395264,-3.1415926292538643
1716056494738431215,4.589999675750732,4.600261211395264,-3.1415928955699712
1716056494860695123,4.589999675750732,4.600261211395264,-3.1415928955699712
1716056494979025602,4.589999675750732,4.600261211395264,-3.1415928955699712
1716056495101026058,4.589999675750732,4.600261211395264,-3.1415928955699712
1716056495221234798,4.588444232940674,4.60028076171875,-3.141796893707891
1716056495338202953,4.561445713043213,4.600315570831299,-3.1418277863762967
1716056495462376594,4.50724983215332,4.600358009338379,-3.141729249416727
1716056495580178499,4.43295955657959,4.600393295288086,-3.141560937637138
1716056495699450731,4.3475518226623535,4.600418567657471,-3.1414602701487127
1716056495819212436,4.279814720153809,4.600442886352539,-3.141331905785165
1716056495940125226,4.2432403564453125,4.600464820861816,-3.1412280425034567
1716056496060634613,4.22438383102417,4.600491523742676,-3.141196617202837
1716056496180483102,4.211914539337158,4.600521087646484,-3.1412094003759705
1716056496301021575,4.174623489379883,4.60053825378418,-3.141182768765276
1716056496420342206,4.112463474273682,4.60054349899292,-3.141099678139909
1716056496540058612,4.0325140953063965,4.600527763366699,-3.14089301684092
1716056496658466339,3.9393470287323,4.600491046905518,-3.140756929310271
1716056496781277894,3.8505754470825195,4.600447654724121,-3.140661321827878
1716056496901665925,3.7939517498016357,4.6004252433776855,-3.1404932763643956
1716056497020143032,3.744694709777832,4.600402355194092,-3.1404924774160747
1716056497138110876,3.6767418384552,4.600358009338379,-3.1404061909974246
1716056497260140419,3.5967414379119873,4.6002912521362305,-3.140320969843202
1716056497381271123,3.539012908935547,4.600249290466309,-3.140172631771634
1716056497498215675,3.5084731578826904,4.60023832321167,-3.1401017916871865
1716056497620899677,3.4941277503967285,4.600251197814941,-3.140051724259081
1716056497742311239,3.4642152786254883,4.600237846374512,-3.1400956664167268
1716056497858826160,3.4085004329681396,4.600184917449951,-3.1400064505209
1716056497978541851,3.3325300216674805,4.600089073181152,-3.1398352092641346
1716056498098369121,3.242905378341675,4.599959850311279,-3.1397007196301274
1716056498218701601,3.159687042236328,4.599832534790039,-3.139605911096055
1716056498339766025,3.1096718311309814,4.599671363830566,-3.138678065779459
1716056498458307027,3.0847840309143066,4.59868860244751,-3.1298614047429396
1716056498578635931,3.0614426136016846,4.5952229499816895,-3.104866306525622
1716056498701653003,3.021801233291626,4.590107440948486,-3.079438178318412
1716056498818380355,2.9936258792877197,4.588009834289551,-3.077968113408076
1716056498941484212,2.978365898132324,4.587102890014648,-3.0779412154812746
1716056499058385133,2.9702069759368896,4.586612224578857,-3.0779310954692107
1716056499179216623,2.9659533500671387,4.586375713348389,-3.0779271007276066
1716056499300567388,2.963874101638794,4.586275577545166,-3.0779263017792857
1716056499421966075,2.963010787963867,4.586253643035889,-3.0779271007276066
1716056499541940212,2.9628331661224365,4.586275100708008,-3.077928964940355
1716056499660183906,2.947350263595581,4.585321426391602,-3.0780091260885456
1716056499779341220,2.902642011642456,4.582972049713135,-3.0820962793818296
1716056499899224281,2.834752082824707,4.5848259925842285,-3.1335472196630576
1716056500021535634,2.7524282932281494,4.59961462020874,-3.259074251407128
1716056500141544342,2.66310977935791,4.633503437042236,-3.4287825926611504
1716056500259564161,2.579472780227661,4.672874450683594,-3.517102334787836
1716056500380048036,2.523249626159668,4.698960304260254,-3.537296552545257
1716056500500105619,2.495482921600342,4.710718154907227,-3.5374920285677547
1716056500619736433,2.4567759037017822,4.726905345916748,-3.5375069422697436
1716056500743016004,2.3965187072753906,4.752004623413086,-3.5365165126680154
1716056500859368562,2.318142890930176,4.7792181968688965,-3.493184218907004
1716056500980703115,2.224104404449463,4.797540664672852,-3.3737670112884643
1716056501100919485,2.1196706295013428,4.7959418296813965,-3.1849880399322217
1716056501218788623,2.0127296447753906,4.771251201629639,-2.9778409803638795
1716056501338450193,1.9102387428283691,4.727989196777344,-2.8027035189536775
1716056501459955215,1.8185460567474365,4.682246208190918,-2.725377838353893
1716056501581916570,1.720550537109375,4.6437811851501465,-2.7655497588737887
1716056501700737953,1.6121587753295898,4.61855411529541,-2.8862197174593973
1716056501820718288,1.499640941619873,4.606232166290283,-2.9973145467359075
1716056501941496610,1.402881145477295,4.597237586975098,-3.0254692192460197
1716056502059965848,1.3156251907348633,4.5873517990112305,-3.0257698901307606
1716056502180179119,1.2190523147583008,4.578903675079346,-3.0490855989776833
1716056502301543474,1.1120362281799316,4.5804901123046875,-3.1354346019129764
1716056502419931173,0.9983229637145996,4.586431980133057,-3.179708589428145
1716056502542378425,0.8802828788757324,4.59134578704834,-3.181634587513571
1716056502660140275,0.7597365379333496,4.596139430999756,-3.1812843818329384
1716056502779459476,0.6380119323730469,4.595858573913574,-3.1420799877295735
1716056502899940252,0.5168523788452148,4.583119869232178,-3.0521319889250265
1716056503019676208,0.3973731994628906,4.567619323730469,-3.022638012713088
1716056503138148784,0.2947578430175781,4.5552191734313965,-3.022038268840248
1716056503258336544,0.2268357276916504,4.547108173370361,-3.0218659623190547
1716056503380004405,0.16409540176391602,4.5395917892456055,-3.02180710645942
1716056503500001907,0.08545303344726562,4.530155181884766,-3.021704841074353
1716056503617923498,-0.008331775665283203,4.518884181976318,-3.02154904615179
1716056503741192817,-0.11308002471923828,4.506277084350586,-3.021404436505719
1716056503858836889,-0.22542810440063477,4.492737293243408,-3.021279267935455
1716056503983601570,-0.3424229621887207,4.478622913360596,-3.021157827790688
1716056504100608825,-0.4619331359863281,4.4641876220703125,-3.021036920278135
1716056504222017049,-0.5749936103820801,4.450523853302002,-3.020926132777646
1716056504340903282,-0.6604666709899902,4.440188407897949,-3.0207644789007304
1716056504458501338,-0.7080278396606445,4.434443950653076,-3.0206286576861885
1716056504580358505,-0.7613773345947266,4.427990913391113,-3.02059803133389
1716056504700831174,-0.8344931602478027,4.419131755828857,-3.0204968312132507
1716056504819786787,-0.9236993789672852,4.408301830291748,-3.020326122588699
1716056504941433429,-1.0249943733215332,4.3959856033325195,-3.0201740560916335
1716056505059011936,-1.1350626945495605,4.382584571838379,-3.020045159095872
1716056505178730010,-1.2496662139892578,4.368612766265869,-3.0199282463249233
1716056505299572229,-1.3529515266418457,4.356017112731934,-3.019817458824434
1716056505418972015,-1.427168369293213,4.346964359283447,-3.0196803060293576
1716056505540762662,-1.5006284713745117,4.337994575500488,-3.0195982806684185
1716056505661532878,-1.5882902145385742,4.327276706695557,-3.019479237368614
1716056505782275199,-1.6888599395751953,4.3149614334106445,-3.0193279698198694
1716056505899044752,-1.7983040809631348,4.301541805267334,-3.019199339140215
1716056506021070241,-1.9067316055297852,4.288235187530518,-3.019096807439041
1716056506139999628,-1.9912829399108887,4.27785587310791,-3.0189505998963284
1716056506259694337,-2.0599703788757324,4.269420146942139,-3.0188786945474533
1716056506378368616,-2.140592098236084,4.259505271911621,-3.0187798912717767
1716056506499923229,-2.235781192779541,4.2477827072143555,-3.0186302216196736
1716056506621326684,-2.3415751457214355,4.23473596572876,-3.0184898730313137
1716056506739136219,-2.4500441551208496,4.2213454246521,-3.0183844118529635
1716056506859902381,-2.538656711578369,4.210400104522705,-3.018251520115598
1716056506981726408,-2.587919235229492,4.204323768615723,-3.0180786809621907
1716056507101068258,-2.614686965942383,4.20103645324707,-3.0180557777769934
1716056507221038103,-2.661133289337158,4.195300102233887,-3.0180129008837753
1716056507341410636,-2.7300901412963867,4.186765670776367,-3.0179114344470293
1716056507461288690,-2.815412998199463,4.176184177398682,-3.0177212847466706
1716056507578295230,-2.913651943206787,4.163980007171631,-3.01756442455968
1716056507716927051,-3.021611213684082,4.15054988861084,-3.0174302012417797
1716056507819170236,-3.135953426361084,4.136309623718262,-3.017307163200371
1716056507942354440,-3.254065990447998,4.121583461761475,-3.0171859893717112
1716056508059233188,-3.3742527961730957,4.106581211090088,-3.0170640165947304
1716056508180578231,-3.4952683448791504,4.091461181640625,-3.0169420438177497
1716056508298982143,-3.6065220832824707,4.077549934387207,-3.0168280605239772
1716056508420167684,-3.6869168281555176,4.067497253417969,-3.0166533571578213
1716056508540371179,-3.736176013946533,4.061340808868408,-3.016562543365353
1716056508659150838,-3.7970690727233887,4.053718566894531,-3.016495431706403
1716056508780956268,-3.8768486976623535,4.04371452331543,-3.0163774536710264
1716056508898794651,-3.9710612297058105,4.0318827629089355,-3.0162173976907525
1716056509019928693,-4.076104640960693,4.01867151260376,-3.016074119625216
1716056509138738632,-4.187479496002197,4.004644870758057,-3.0159566742220534
1716056509258179187,-4.288499355316162,3.9919183254241943,-3.0158490825148476
1716056509380027055,-4.355370044708252,3.9834952354431152,-3.015662927556093
1716056509502231121,-4.399363040924072,3.9779582023620605,-3.015625643301121
1716056509618789434,-4.459372043609619,3.970388889312744,-3.0155441505723957
1716056509740447521,-4.520033359527588,3.96273136138916,-3.015469049430237
1716056509860955953,-4.551577091217041,3.958765745162964,-3.0153414840150106
1716056509982307910,-4.586863994598389,3.954319715499878,-3.0153854261726565
1716056510098636627,-4.645676136016846,3.9468884468078613,-3.015291949219119
1716056510221391201,-4.684861660003662,3.942089557647705,-3.019542886918174
1716056510339031219,-4.684891223907471,3.9421212673187256,-3.0194784384202933
1716056510458784818,-4.684912204742432,3.9421825408935547,-3.0192704455407693
1716056510579649686,-4.6849045753479,3.9422473907470703,-3.019082426369266
1716056510698666095,-4.66863489151001,3.9438364505767822,-3.01453694305593
1716056510821998357,-4.6230998039245605,3.945923089981079,-2.9697295243785504
1716056510938504219,-4.552919864654541,3.948594093322754,-2.853594929094214
1716056511061685562,-4.466564655303955,3.959207057952881,-2.6786886300648405
1716056511182698011,-4.379536151885986,3.9859957695007324,-2.5323793545992146
1716056511299986839,-4.318460941314697,4.018683433532715,-2.472229731316844
1716056511421477079,-4.29049825668335,4.038670063018799,-2.459852690246578
1716056511539647340,-4.288233280181885,4.040572643280029,-2.459672660558283
1716056511658860683,-4.304903507232666,4.027083873748779,-2.4596119404858996
1716056511778983831,-4.334837436676025,4.002601146697998,-2.45807156812333
1716056511901119470,-4.373135089874268,3.9667809009552,-2.424638244057462
1716056512018272399,-4.4152913093566895,3.9151268005371094,-2.326738578931753
1716056512138483762,-4.4551472663879395,3.8436403274536133,-2.1668079003861607
1716056512260916233,-4.492733478546143,3.7580690383911133,-2.0481129420496558
1716056512379788160,-4.529672145843506,3.6707136631011963,-2.0037045980585333
1716056512500673055,-4.572098255157471,3.576516628265381,-1.998193852015575
1716056512619159460,-4.618275165557861,3.4749138355255127,-1.9968719920187539
1716056512740029811,-4.660637378692627,3.366326093673706,-1.9483043230693653
1716056512859719038,-4.687534809112549,3.2510762214660645,-1.8208908411817504
1716056512980483055,-4.689100742340088,3.133415460586548,-1.6257313353772673
1716056513100493907,-4.670613765716553,3.0169260501861572,-1.457292922479212
1716056513220175027,-4.6456685066223145,2.9083871841430664,-1.3778171387900073
1716056513339896678,-4.627426624298096,2.8264365196228027,-1.366584857505444
1716056513459266424,-4.618673801422119,2.7841074466705322,-1.3664254673154375
1716056513581589221,-4.6143364906311035,2.762974977493286,-1.366383922002754
1716056513698661804,-4.612036228179932,2.7517194747924805,-1.3663684756685512
1716056513822838306,-4.61083459854126,2.7457566261291504,-1.3663616846078241
1716056513942018032,-4.608433246612549,2.734010696411133,-1.3664189425708173
1716056514062685489,-4.6001057624816895,2.693671703338623,-1.366352363544081
1716056514178735017,-4.587069034576416,2.6306467056274414,-1.3663013640096011
1716056514303020000,-4.5756754875183105,2.5755562782287598,-1.3662012291533898
1716056514421478748,-4.569756984710693,2.5468714237213135,-1.366113078521991
1716056514540888071,-4.567020893096924,2.533522129058838,-1.366091906391489
1716056514664514541,-4.563225269317627,2.5150654315948486,-1.3662045581047266
1716056514782347202,-4.553897380828857,2.469953775405884,-1.3661445038226105
1716056514900006294,-4.539875507354736,2.4022626876831055,-1.3660249278905923
1716056515029674291,-4.53214693069458,2.3632092475891113,-1.3709796059022494
1716056515139594316,-4.532174587249756,2.3632190227508545,-1.3710670907433808
1716056515259888648,-4.53222131729126,2.3632090091705322,-1.3709013089668076
1716056515379547834,-4.53226900100708,2.363198757171631,-1.3707560335304692
1716056515499224424,-4.532314777374268,2.3631842136383057,-1.3706115570424515
1716056515621372938,-4.532362461090088,2.363178253173828,-1.370469077925236
1716056515742125988,-4.5340447425842285,2.3712518215179443,-1.370343110406651
1716056515860536098,-4.541447162628174,2.4074900150299072,-1.3703831909807462
1716056515978842258,-4.552212238311768,2.4700775146484375,-1.3477053092099567
1716056516098891019,-4.563387393951416,2.5509915351867676,-1.256514812608458
1716056516220595836,-4.579835414886475,2.645836353302002,-1.0909550105103705
1716056516340638637,-4.612173557281494,2.7459444999694824,-0.888847783528881
1716056516462268352,-4.665745258331299,2.8412342071533203,-0.6789932878383098
1716056516582461833,-4.739193439483643,2.9246068000793457,-0.4671588650506564
1716056516698437452,-4.825331211090088,2.985136032104492,-0.31786854695242894
1716056516819560289,-4.8733906745910645,3.015794515609741,-0.1932603723563453
1716056516941438436,-4.870821475982666,3.0197155475616455,-0.17032479646257315
1716056517058182954,-4.8640522956848145,3.019334077835083,-0.16701726692761376
1716056517178449153,-4.857515811920166,3.019097328186035,-0.15939573271052332
1716056517300743103,-4.824386119842529,3.022707939147949,-0.08518754845863619
1716056517420022010,-4.7657036781311035,3.0339701175689697,-6.236712565213622
1716056517540246009,-4.6908955574035645,3.059037208557129,-6.066575455027419
1716056517659806728,-4.60899019241333,3.1029279232025146,-5.876793803528528
1716056517781077623,-4.525595188140869,3.163921356201172,-5.712295670590777
1716056517899942636,-4.4466118812561035,3.2291817665100098,-5.633641871565658
1716056518019296407,-4.377073764801025,3.2852530479431152,-5.620893319526203
1716056518139258384,-4.301761150360107,3.3440256118774414,-5.620686658227214
1716056518260196208,-4.218166828155518,3.4091837406158447,-5.620540717000608
1716056518379753112,-4.12626314163208,3.4754698276519775,-5.653825969311015
1716056518499841928,-4.023637294769287,3.5314319133758545,-5.765026792398089
1716056518618977546,-3.911390781402588,3.5654711723327637,-5.949946577048593
1716056518739347934,-3.7948222160339355,3.5734379291534424,-6.161415947032651
1716056518859394311,-3.6795172691345215,3.5565712451934814,-0.08991736412987006
1716056518980129003,-3.5704922676086426,3.5159404277801514,-0.30138254795762265
1716056519101698637,-3.4733757972717285,3.4606430530548096,-0.4578621692313689
1716056519221667528,-3.398895740509033,3.4129133224487305,-0.517646673131118
1716056519341382980,-3.3586459159851074,3.3882622718811035,-0.5247781857114298
1716056519459232807,-3.333540439605713,3.373706579208374,-0.5247765878147881
1716056519582091808,-3.2897677421569824,3.3483357429504395,-0.5247167332697522
1716056519701600790,-3.226436138153076,3.31284236907959,-0.5152464992172767
1716056519818778276,-3.146031379699707,3.2772107124328613,-0.44363932451338073
1716056519938602209,-3.0506129264831543,3.246330738067627,-0.345755704933115
1716056520059321165,-2.9460883140563965,3.213620901107788,-0.3146058750367331
1716056520178857564,-2.8360800743103027,3.1779513359069824,-0.3135202707162854
1716056520301185607,-2.722644329071045,3.141124963760376,-0.3133773255458827
1716056520421776771,-2.607311248779297,3.1037228107452393,-0.31325478684717467
1716056520539503097,-2.4909744262695312,3.066009521484375,-0.3131317488057661
1716056520659239053,-2.374136447906494,3.0280699729919434,-0.31357932631300045
1716056520780889034,-2.2591185569763184,2.984792709350586,-0.35612585440047084
1716056520900406837,-2.1519289016723633,2.9267897605895996,-0.4782595195993622
1716056521019521713,-2.0611305236816406,2.84883713722229,-0.6709745764372244
1716056521139637231,-1.991109848022461,2.75380277633667,-0.883405414146381
1716056521261246204,-1.9432568550109863,2.646881341934204,-1.0954929703936855
1716056521382417201,-1.9190893173217773,2.5327260494232178,-1.3072881115555646
1716056521500464200,-1.9194793701171875,2.4162769317626953,-1.5189272580578006
1716056521619165182,-1.944305419921875,2.3026275634765625,-1.73048677604406
1716056521739304065,-1.9924211502075195,2.1967835426330566,-1.9420043492434758
1716056521859293937,-2.0616683959960938,2.1034278869628906,-2.1535010166284962
1716056521978220462,-2.148958683013916,2.026700973510742,-2.3649863655789716
1716056522101012945,-2.2493529319763184,1.966874599456787,-2.553017521306913
1716056522217842817,-2.3566970825195312,1.916466236114502,-2.671517802569241
1716056522339463233,-2.464407444000244,1.8633441925048828,-2.6748432917966625
1716056522459373950,-2.565700054168701,1.797762393951416,-2.5795268929083193
1716056522581522464,-2.6531310081481934,1.716414451599121,-2.4235870943833504
1716056522699741601,-2.7248282432556152,1.635385513305664,-2.335909973022723
1716056522821575880,-2.7752652168273926,1.5783936977386475,-2.319041777124937
1716056522940872907,-2.8003525733947754,1.5513157844543457,-2.3188606821722146
1716056523061738252,-2.812894344329834,1.5378711223602295,-2.3188263273944187
1716056523179522275,-2.8194918632507324,1.5304346084594727,-2.3164334771735184
1716056523300643205,-2.8235225677490234,1.5247912406921387,-2.310119122277854
1716056523419708728,-2.8380956649780273,1.4975459575653076,-2.2458336098546283
1716056523540929079,-2.860550880432129,1.4446055889129639,-2.11870069198568
1716056523658336877,-2.8849520683288574,1.3708457946777344,-1.9827995826116762
1716056523780070543,-2.9089083671569824,1.2906455993652344,-1.9169064530088775
1716056523900065183,-2.9277358055114746,1.235809326171875,-1.914886977969914
1716056524019925832,-2.939858913421631,1.2086563110351562,-1.931502439882209
1716056524139816761,-2.9633030891418457,1.1724157333374023,-2.0049235268800203
1716056524260150671,-3.006437301635742,1.121861219406128,-2.1471576332771747
1716056524381415367,-3.0692524909973145,1.065546989440918,-2.3156505078191003
1716056524501039266,-3.142991065979004,1.0088443756103516,-2.42173646375619
1716056524619387149,-3.2035632133483887,0.9625401496887207,-2.4512165915305673
1716056524738948822,-3.236391067504883,0.9358663558959961,-2.4517963616953864
1716056524859109401,-3.253325939178467,0.9218959808349609,-2.451760142704842
1716056524978254556,-3.2624292373657227,0.9144337177276611,-2.4517436311062113
1716056525101452827,-3.2672600746154785,0.9104912281036377,-2.4517367068874307
1716056525217235803,-3.269737720489502,0.908489465713501,-2.4517340437263613
1716056525340985059,-3.2709012031555176,0.9075717926025391,-2.4517340437263613
1716056525462645053,-3.2713265419006348,0.9072628021240234,-2.451735641623003
1716056525579223155,-3.271336078643799,0.9072971343994141,-2.4517377721518585
1716056525699676275,-3.2692675590515137,0.9090490341186523,-2.4517183310760515
1716056525820887088,-3.2464852333068848,0.926232099533081,-2.4382477960706694
1716056525941802263,-3.199490547180176,0.9588782787322998,-2.370823482010991
1716056526061526298,-3.135831832885742,1.0045361518859863,-2.226141264800745
1716056526179397821,-3.067871570587158,1.0675926208496094,-2.0438492211774673
1716056526298691511,-3.0147528648376465,1.142749309539795,-1.9233928481096285
1716056526420092344,-2.9867730140686035,1.202674150466919,-1.8845280070426185
1716056526541221380,-2.9764046669006348,1.2327091693878174,-1.8808160931440199
1716056526659918546,-2.976090908050537,1.2347049713134766,-1.8829751178230225
1716056526780014276,-2.98545503616333,1.21449613571167,-1.9085084408924757
1716056526899410247,-3.0062718391418457,1.179708480834961,-1.979403120141754
1716056527018954515,-3.041656017303467,1.1353721618652344,-2.1041300051425083
1716056527142962932,-3.0947842597961426,1.0847194194793701,-2.264743917660468
1716056527261446237,-3.1678266525268555,1.0346503257751465,-2.44833877967892
1716056527378494262,-3.2575325965881348,0.9888689517974854,-2.6081215196271046
1716056527499857425,-3.3579955101013184,0.9454295635223389,-2.703674140902308
1716056527618917942,-3.463972568511963,0.8997721672058105,-2.726485713358784
1716056527741850376,-3.5729880332946777,0.8518376350402832,-2.726901965433939
1716056527861080646,-3.6838765144348145,0.8030378818511963,-2.7267933084623053
1716056527978667259,-3.795769214630127,0.7537980079650879,-2.7266705367370037
1716056528100508451,-3.907270908355713,0.7025146484375,-2.7104734574287193
1716056528219228267,-4.0140557289123535,0.6423361301422119,-2.638554526432131
1716056528341759681,-4.119055271148682,0.5802593231201172,-2.61533628928035
1716056528458369493,-4.212744235992432,0.5257415771484375,-2.61487689399587
1716056528579638719,-4.2763590812683105,0.4888014793395996,-2.614683282186121
1716056528699687957,-4.308554172515869,0.4701061248779297,-2.6145743588983805
1716056528819729328,-4.3260273933410645,0.4599785804748535,-2.6145791525883055
1716056528941807031,-4.359914302825928,0.4402961730957031,-2.6145895389164764
1716056529062858104,-4.413984775543213,0.4075641632080078,-2.604345689862839
1716056529178325891,-4.4789204597473145,0.3590989112854004,-2.532851533056828
1716056529300471544,-4.543674945831299,0.2909111976623535,-2.385366738295147
1716056529421129465,-4.598999500274658,0.20351314544677734,-2.200595824348426
1716056529540071487,-4.6457695960998535,0.11208963394165039,-2.0969261544496476
1716056529659443616,-4.680883884429932,0.04250001907348633,-2.0705564656463338
1716056529781348228,-4.700445652008057,0.006196498870849609,-2.069607048725075
1716056529898084640,-4.7107930183410645,-0.015555858612060547,-2.058588486116335
1716056530020080089,-4.725050449371338,-0.05894613265991211,-1.9932374429492228
1716056530139812707,-4.736557483673096,-0.1267085075378418,-1.8526538306248597
1716056530259055852,-4.737033367156982,-0.21234512329101562,-1.6725455790785304
1716056530378902435,-4.7257866859436035,-0.3074660301208496,-1.5274826629934068
1716056530498582839,-4.712975978851318,-0.39091062545776367,-1.4712095369637268
1716056530620680809,-4.70674467086792,-0.43960094451904297,-1.464400233583305
1716056530740001440,-4.704164981842041,-0.4642219543457031,-1.4643636151186001
1716056530861237525,-4.700047016143799,-0.5031189918518066,-1.4643877167262787
1716056530979001522,-4.693389415740967,-0.5657186508178711,-1.4642909108214042
1716056531098833560,-4.684767246246338,-0.6465964317321777,-1.4641020927015802
1716056531218799114,-4.674654483795166,-0.741274356842041,-1.463938840928023
1716056531339515209,-4.659698963165283,-0.8461208343505859,-1.4337885286705188
1716056531458673000,-4.631239414215088,-0.9550352096557617,-1.3345841809368864
1716056531578810214,-4.594597339630127,-1.0662198066711426,-1.2694741538465593
1716056531700382232,-4.558472156524658,-1.1788749694824219,-1.2630858962312175
1716056531820683956,-4.5272393226623535,-1.2773265838623047,-1.2629061328590296
1716056531938951492,-4.507302761077881,-1.3401298522949219,-1.2627079936754626
1716056532061983108,-4.497021198272705,-1.3725433349609375,-1.262626634104791
1716056532181066274,-4.491821765899658,-1.3889355659484863,-1.2624611186443246
1716056532301295995,-4.487501621246338,-1.4001445770263672,-1.2563743308620445
1716056532428419351,-4.470667362213135,-1.4319753646850586,-1.2028836755177252
1716056532540212392,-4.437817096710205,-1.4840669631958008,-1.1054535922675868
1716056532659812211,-4.397545337677002,-1.5474190711975098,-1.05496405313243
1716056532778744697,-4.3701252937316895,-1.5937929153442383,-1.0505390112784596
1716056532898623466,-4.35631799697876,-1.6180219650268555,-1.0504791567334237
1716056533019489526,-4.3463969230651855,-1.6354060173034668,-1.0505055220280113
1716056533141124010,-4.323866367340088,-1.6747932434082031,-1.0504522588066223
1716056533258796215,-4.2897772789001465,-1.7343425750732422,-1.050351591318197
1716056533379347085,-4.247532367706299,-1.808098316192627,-1.0501547837151648
1716056533502072334,-4.199321269989014,-1.892232894897461,-1.0500264193516173
1716056533618384838,-4.154469013214111,-1.970491886138916,-1.0499298797628498
1716056533738003969,-4.126400470733643,-2.0196714401245117,-1.0505057883441182
1716056533859703063,-4.105793476104736,-2.0620789527893066,-1.075424054364582
1716056533979610204,-4.082046985626221,-2.123567581176758,-1.1418173921952501
1716056534101395130,-4.050716876983643,-2.201815605163574,-1.1715927313741759
1716056534219915151,-4.0129170417785645,-2.291910171508789,-1.172687956363987
1716056534340807914,-3.971107006072998,-2.3913488388061523,-1.1725822288695298
1716056534458986997,-3.9266743659973145,-2.4970450401306152,-1.1724597234603351
1716056534580792665,-3.877007007598877,-2.604625701904297,-1.1406007270606722
1716056534699711561,-3.818093776702881,-2.7096171379089355,-1.0725373209233524
1716056534821753025,-3.759796619415283,-2.8129653930664062,-1.061914903523693
1716056534938994407,-3.7117180824279785,-2.899197578430176,-1.0617057122216877
1716056535058194637,-3.683044910430908,-2.950648307800293,-1.0615104359362704
1716056535180993080,-3.6683592796325684,-2.9770116806030273,-1.0614463203335234
1716056535300092935,-3.661407947540283,-2.989527702331543,-1.0614248818869143
1716056535420127153,-3.651787281036377,-3.0068225860595703,-1.0614846698529234
1716056535538642406,-3.6289591789245605,-3.04776668548584,-1.0614126979250216
1716056535661079168,-3.5949864387512207,-3.108645439147949,-1.0612895267255595
1716056535779601573,-3.5533032417297363,-3.1833014488220215,-1.0610903222775647
1716056535899854660,-3.505218982696533,-3.2693796157836914,-1.06093272972128
1716056536021995544,-3.4522814750671387,-3.364109516143799,-1.0607979071921392
1716056536138691902,-3.3964552879333496,-3.4639692306518555,-1.0606784644181744
1716056536262404441,-3.344931125640869,-3.5561227798461914,-1.0605720045544231
1716056536378683805,-3.3092880249023438,-3.619871139526367,-1.0603904435485134
1716056536500119686,-3.292463779449463,-3.6499834060668945,-1.0602709341955219
1716056536621099948,-3.2729921340942383,-3.6848201751708984,-1.0603056218684515
1716056536740821123,-3.2422714233398438,-3.7397403717041016,-1.060213343337395
1716056536858873844,-3.202427387237549,-3.8109254837036133,-1.06003311391202
1716056536981036901,-3.1564993858337402,-3.8929452896118164,-1.0599068134983014
1716056537101264238,-3.1143836975097656,-3.9681406021118164,-1.0598081433806783
1716056537219539403,-3.089064121246338,-4.013348579406738,-1.059583572323497
1716056537338792324,-3.073176860809326,-4.038994789123535,-1.04879750367612
1716056537462468624,-3.041980743408203,-4.078034400939941,-0.9847494120622358
1716056537581288337,-2.9937667846679688,-4.131159782409668,-0.9024854318913711
1716056537698280811,-2.94685697555542,-4.184399604797363,-0.8803965081910903
1716056537820990800,-2.92144775390625,-4.2149457931518555,-0.8800445714557625
1716056537941286325,-2.901707172393799,-4.238917350769043,-0.8800652109540508
1716056538060239553,-2.8673958778381348,-4.280470848083496,-0.8799915079714538
1716056538179730653,-2.81892728805542,-4.337815284729004,-0.8723136146082311
1716056538301948308,-2.7552032470703125,-4.4011430740356445,-0.8053133423698355
1716056538419053554,-2.6783909797668457,-4.468138694763184,-0.7390317907250576
1716056538538817882,-2.5957064628601074,-4.541759490966797,-0.7306781868194889
1716056538662178754,-2.5089473724365234,-4.6193437576293945,-0.7291234999661711
1716056538781609058,-2.415726661682129,-4.693813323974609,-0.6790970845409916
1716056538899273633,-2.312351703643799,-4.7543230056762695,-0.5497322712482777
1716056539020720720,-2.199685573577881,-4.790536880493164,-0.3523255235543665
1716056539142367839,-2.0828819274902344,-4.8007001876831055,-0.13985582033835264
1716056539258855819,-1.9666266441345215,-4.787688255310059,-6.224174935530868
1716056539379634618,-1.857555866241455,-4.763367652893066,-6.108979903471834
1716056539501896619,-1.7733798027038574,-4.743100166320801,-6.0775370259892725
1716056539621973037,-1.7275571823120117,-4.733284950256348,-6.076845669375643
1716056539740938425,-1.7052350044250488,-4.728677749633789,-6.076800395637463
1716056539858454227,-1.6756978034973145,-4.7225236892700195,-6.076853658858852
1716056539979790687,-1.6215109825134277,-4.711215019226074,-6.076774829291196
1716056540100455760,-1.5470681190490723,-4.695652961730957,-6.076618235420312
1716056540218421220,-1.4581818580627441,-4.6770524978637695,-6.076445129950798
1716056540338763475,-1.362229824066162,-4.65695858001709,-6.0763423319335175
1716056540461093187,-1.2841215133666992,-4.640600204467773,-6.076216098098826
1716056540578958749,-1.2427968978881836,-4.631953239440918,-6.076066961078936
1716056540701591014,-1.2220635414123535,-4.627631187438965,-6.076028611559536
1716056540819403409,-1.203895092010498,-4.624869346618652,-6.084335010935149
1716056540939237594,-1.1592836380004883,-4.621190071105957,-6.129311007708225
1716056541059337139,-1.0913047790527344,-4.613874435424805,-6.153006217007544
1716056541179899930,-1.017967700958252,-4.604422569274902,-6.153345503727792
1716056541301153659,-0.9715423583984375,-4.598393440246582,-6.153352960578786
1716056541419036388,-0.9485812187194824,-4.5955400466918945,-6.154216890029716
1716056541539259195,-0.9118037223815918,-4.590807914733887,-6.154252043755832
1716056541660343408,-0.8523516654968262,-4.583127975463867,-6.154138593094274
1716056541777854681,-0.8016242980957031,-4.576576232910156,-6.154030468754854
1716056541898341894,-0.7736539840698242,-4.572976112365723,-6.1539660202569735
1716056542019020318,-0.7595505714416504,-4.571220397949219,-6.154318622782569
1716056542140579223,-0.7508578300476074,-4.5702104568481445,-6.155215042798545
1716056542260886430,-0.717803955078125,-4.565990447998047,-6.155207053315337
1716056542379456281,-0.6593818664550781,-4.558501243591309,-6.155122364793328
1716056542500991821,-0.5824489593505859,-4.549202919006348,-6.159992221124924
1716056542621993064,-0.49079179763793945,-4.543801307678223,-6.207581844171557
1716056542739896774,-0.3874492645263672,-4.538090705871582,-6.221450521756822
1716056542861725807,-0.27582216262817383,-4.531243324279785,-6.221612974582058
1716056542981909275,-0.15897560119628906,-4.52406120300293,-6.2214995239204995
1716056543099453687,-0.03914785385131836,-4.516688346862793,-6.2213786164079465
1716056543223769664,0.0822896957397461,-4.509202003479004,-6.221256110998752
1716056543339835166,0.2045741081237793,-4.501645088195801,-6.221133072957343
1716056543460820674,0.32729625701904297,-4.494046211242676,-6.221009502283721
1716056543581368207,0.4502420425415039,-4.486418724060059,-6.2208853989778845
1716056543699058294,0.5733017921447754,-4.478768348693848,-6.220761828304262
1716056543819442272,0.6964187622070312,-4.471100807189941,-6.220637724998426
1716056543938362836,0.8195772171020508,-4.463675498962402,-6.222480632458485
1716056544061214923,0.942739725112915,-4.462594032287598,-6.26950087166847
1716056544181011915,1.0646178722381592,-4.464545249938965,-0.008709092736002566
1716056544299352169,1.1707468032836914,-4.465630531311035,-0.008900873102367646
1716056544421035766,1.239844799041748,-4.466261863708496,-0.008708538777694175
1716056544541603803,1.271099328994751,-4.466567039489746,-0.008602306218901401
1716056544659601926,1.3111562728881836,-4.466944694519043,-0.008631843900083203
1716056544780031442,1.374685287475586,-4.467522621154785,-0.008535865551705102
1716056544898829221,1.4566290378570557,-4.468245506286621,-0.008352412765168515
1716056545021949768,1.5523581504821777,-4.469073295593262,-0.008190349011119591
1716056545140040636,1.6588125228881836,-4.469973564147949,-0.008048851934548407
1716056545261551856,1.772573471069336,-4.470918655395508,-0.007924486993942936
1716056545381476402,1.8907630443572998,-4.471885681152344,-0.007803016680554553
1716056545499252557,2.0114288330078125,-4.4728546142578125,-0.007681460022490871
1716056545620931625,2.132941961288452,-4.473816871643066,-0.007560591521086346
1716056545739208698,2.243540048599243,-4.474681854248047,-0.007446217595680482
1716056545860129117,2.3217179775238037,-4.475293159484863,-0.007265858653292545
1716056545981909513,2.3699734210968018,-4.475674629211426,-0.0071869505431912395
1716056546098022222,2.4311234951019287,-4.476143836975098,-0.00711395340230736
1716056546221329450,2.5067074298858643,-4.476710319519043,-0.007026986629227738
1716056546339373826,2.563815116882324,-4.477145195007324,-0.006896012679921404
1716056546461058616,2.6123905181884766,-4.477513313293457,-0.006894417384022966
1716056546577836036,2.6792190074920654,-4.478002548217773,-0.006801781510846483
1716056546699262619,2.7642691135406494,-4.478606224060059,-0.006647066937022217
1716056546820204257,2.8626112937927246,-4.479288101196289,-0.00649011572401853
1716056546939682006,2.970935583114624,-4.480019569396973,-0.006354716870177468
1716056547060935020,3.085871934890747,-4.480778694152832,-0.006231466087972537
1716056547180185556,3.2045974731445312,-4.4815473556518555,-0.006110969492850171
1716056547299813985,3.3173723220825195,-4.482268333435059,-0.006002533584391345
1716056547418450832,3.4023945331573486,-4.48271369934082,-0.0051017734481093036
1716056547539482831,3.4449634552001953,-4.481656074523926,-6.27728795463554
1716056547660854339,3.478485107421875,-4.476369857788086,-6.237964250916264
1716056547778819561,3.5318126678466797,-4.45974063873291,-6.122680801909723
1716056547901258707,3.6014292240142822,-4.427258491516113,-5.957989856110544
1716056548020045995,3.676821708679199,-4.375497817993164,-5.769550437790656
1716056548142193078,3.7486774921417236,-4.303366661071777,-5.569511355116674
1716056548259402751,3.8122098445892334,-4.217278480529785,-5.409222614565294
1716056548381278038,3.864152669906616,-4.138638496398926,-5.343599662652991
1716056548499376773,3.896366834640503,-4.091594696044922,-5.334546512913505
1716056548620418310,3.915771484375,-4.0626420974731445,-5.32522651443486
1716056548742656946,3.9406957626342773,-4.014861106872559,-5.264934678351381
1716056548863154411,3.964656352996826,-3.9438276290893555,-5.127295590063454
1716056548981451034,3.978869676589966,-3.854757308959961,-4.954107562556089
1716056549100062370,3.986522674560547,-3.759152412414551,-4.851709019435759
1716056549219137907,3.9924886226654053,-3.6830530166625977,-4.824758362045145
1716056549339032888,3.99926495552063,-3.6211071014404297,-4.824292308857991
1716056549459267139,4.007841110229492,-3.54538631439209,-4.824181521357502
1716056549579707145,4.018141746520996,-3.4538469314575195,-4.8240307864409715
1716056549698493003,4.0297369956970215,-3.35067081451416,-4.82388271468551
1716056549818989515,4.04536771774292,-3.239849090576172,-4.849337208187308
1716056549937854528,4.068060398101807,-3.1251821517944336,-4.896320695774534
1716056550058006286,4.090622901916504,-3.007474899291992,-4.899373743624551
1716056550178932666,4.1131463050842285,-2.8884477615356445,-4.899305566701173
1716056550298657894,4.133763790130615,-2.779585838317871,-4.89919424656847
1716056550418923854,4.14840030670166,-2.7023062705993652,-4.899014216880175
1716056550540041446,4.155707836151123,-2.6635732650756836,-4.898592372166775
1716056550660670042,4.158489227294922,-2.6438632011413574,-4.890960285173946
1716056550782528638,4.158865451812744,-2.6046142578125,-4.835476520085251
1716056550898860692,4.150599956512451,-2.54166316986084,-4.704820772753635
1716056551019566774,4.127584457397461,-2.4630141258239746,-4.52983351362775
1716056551140846252,4.0854878425598145,-2.377671241760254,-4.336898679422632
1716056551260253190,4.022535800933838,-2.294626235961914,-4.134332256893742
1716056551381259202,3.9402825832366943,-2.222170829772949,-3.927220883683731
1716056551498434543,3.8434784412384033,-2.1647191047668457,-3.735512168834987
1716056551619420766,3.7487735748291016,-2.119718074798584,-3.6359549522596524
1716056551741235017,3.6811838150024414,-2.0880231857299805,-3.612048021655312
1716056551859620571,3.6510162353515625,-2.073270797729492,-3.6085422364234887
1716056551979574680,3.612607955932617,-2.059232711791992,-3.5688030795773784
1716056552099375486,3.5506036281585693,-2.0436806678771973,-3.4735833534358562
1716056552217809915,3.470092535018921,-2.0256786346435547,-3.4009219331331053
1716056552341414451,3.3765628337860107,-2.003023147583008,-3.3856934455057797
1716056552459564924,3.2729063034057617,-1.977184772491455,-3.3852146091454927
1716056552580096721,3.1622822284698486,-1.9496512413024902,-3.3850809184598063
1716056552700088739,3.046832323074341,-1.924534797668457,-3.3575374414151327
1716056552822136402,2.927781581878662,-1.9130535125732422,-3.252563088908431
1716056552940083503,2.8073678016662598,-1.915205955505371,-3.146745046974928
1716056553058235406,2.6874935626983643,-1.919449806213379,-3.1164784877367424
1716056553178840637,2.583256959915161,-1.9221901893615723,-3.115855840678705
1716056553301449060,2.5162203311920166,-1.9238677024841309,-3.115657168862924
1716056553422159194,2.4679856300354004,-1.9250879287719727,-3.115634798309941
1716056553538445234,2.4029488563537598,-1.9267468452453613,-3.1155434518852587
1716056553659886360,2.3193180561065674,-1.9288997650146484,-3.1153932496009418
1716056553781923532,2.2220723628997803,-1.9314212799072266,-3.1152347915173095
1716056553898051023,2.1145436763763428,-1.9342279434204102,-3.115097372406126
1716056554021959066,2.000117778778076,-1.9372310638427734,-3.1149735354163965
1716056554139755487,1.8815639019012451,-1.9403576850891113,-3.1148520952716297
1716056554261985063,1.7607197761535645,-1.943563461303711,-3.1147306551268628
1716056554379023551,1.6386544704437256,-1.9468145370483398,-3.114607617085454
1716056554502264022,1.5159521102905273,-1.9501008987426758,-3.1144843127279387
1716056554623313188,1.3929224014282227,-1.9534106254577637,-3.1143604757382093
1716056554740694761,1.2697253227233887,-1.956740379333496,-3.114236905064587
1716056554859427690,1.1507668495178223,-1.959965705871582,-3.1141213238741727
1716056554978428602,1.0550460815429688,-1.9625706672668457,-3.1139767142281016
1716056555100851058,0.9983179569244385,-1.9641075134277344,-3.113805206655229
1716056555220171213,0.9440994262695312,-1.9655814170837402,-3.1137889613727054
1716056555338518857,0.871239185333252,-1.9675774574279785,-3.1136866959876386
1716056555461169481,0.7817583084106445,-1.9700498580932617,-3.1135213136852258
1716056555581354379,0.6800065040588379,-1.972879409790039,-3.1133684482398394
1716056555698689699,0.569483757019043,-1.9777612686157227,-3.098514933691092
1716056555819362640,0.45510053634643555,-1.994277000427246,-3.011668185951919
1716056555941147089,0.34427690505981445,-2.0317625999450684,-2.8473306416266553
1716056556060563564,0.24522924423217773,-2.093250274658203,-2.6372996449362063
1716056556180003166,0.1618342399597168,-2.174314498901367,-2.425320279607348
1716056556298197984,0.09656953811645508,-2.270050525665283,-2.2246062187603144
1716056556419150590,0.0468897819519043,-2.363767623901367,-2.113067440533527
1716056556542501926,0.012755393981933594,-2.43064022064209,-2.0819895492755336
1716056556660807847,-0.004721641540527344,-2.462344169616699,-2.0810332081354943
1716056556780219078,-0.013557910919189453,-2.477999687194824,-2.0809993859899123
1716056556898709774,-0.019504070281982422,-2.4885549545288086,-2.081136272468882
1716056557019491910,-0.0378117561340332,-2.5211939811706543,-2.0811023171652465
1716056557138250827,-0.06827974319458008,-2.5755624771118164,-2.0810208244365214
1716056557259742975,-0.10737752914428711,-2.6453752517700195,-2.0808133641892113
1716056557378895044,-0.1533365249633789,-2.7274794578552246,-2.080646783464317
1716056557500170230,-0.2047290802001953,-2.8193321228027344,-2.0805013748699253
1716056557618937969,-0.2598857879638672,-2.9179487228393555,-2.080375939983554
1716056557738942384,-0.317349910736084,-3.020720958709717,-2.080254366680734
1716056557860695600,-0.37610626220703125,-3.1258411407470703,-2.0801327933779135
1716056557979866266,-0.43555212020874023,-3.2322235107421875,-2.0800101548106653
1716056558097829818,-0.49466466903686523,-3.339625358581543,-2.0737610473612023
1716056558220979213,-0.5455021858215332,-3.451040267944336,-2.005528197600839
1716056558339246034,-0.5771589279174805,-3.5678606033325195,-1.8586652509488744
1716056558461621046,-0.5837912559509277,-3.686936378479004,-1.6692557762094395
1716056558580260038,-0.5777163505554199,-3.799642562866211,-1.5593318056971128
1716056558698413610,-0.5718693733215332,-3.886507987976074,-1.5312759364626771
1716056558819525480,-0.5698046684265137,-3.9337997436523438,-1.5307740637591394
1716056558942032098,-0.5688972473144531,-3.957972526550293,-1.5307261268598893
1716056559060982704,-0.5684137344360352,-3.970813751220703,-1.5307076178904566
1716056559179672479,-0.5681729316711426,-3.9776382446289062,-1.5306996284072483
1716056559301440715,-0.5680651664733887,-3.981154441833496,-1.5306966989300719
1716056559419541597,-0.568030834197998,-3.982821464538574,-1.530696432613965
1716056559539742231,-0.5680384635925293,-3.9834508895874023,-1.5306976310364462
1716056559662151575,-0.5680689811706543,-3.98349666595459,-1.5306996284072483
1716056559778418302,-0.5681085586547852,-3.9832115173339844,-1.5307016257780504
1716056559898584604,-0.5681276321411133,-3.982738494873047,-1.5307014926199969
1716056560020573139,-0.5687541961669922,-3.9677810668945312,-1.530676991538158
1716056560142196655,-0.5706133842468262,-3.9223928451538086,-1.5307457010937497
1716056560259960651,-0.5734477043151855,-3.852479934692383,-1.5308788591472222
1716056560380940437,-0.576939582824707,-3.765843391418457,-1.531126533126681
1716056560501289844,-0.5809659957885742,-3.665219306945801,-1.531293912799896
1716056560622556209,-0.5853915214538574,-3.554080009460449,-1.5314402535006622
1716056560742175102,-0.5900630950927734,-3.436208724975586,-1.5315650225967659
1716056560858551740,-0.5948729515075684,-3.3145103454589844,-1.5316836664224098
1716056560979328393,-0.5997247695922852,-3.191340446472168,-1.531796451293701
1716056561098980426,-0.6041107177734375,-3.079799175262451,-1.5319016461559443
1716056561222053527,-0.6071815490722656,-3.0017614364624023,-1.5320848716375224
1716056561338221073,-0.6086182594299316,-2.9656643867492676,-1.5321826096487712
1716056561461321830,-0.6103339195251465,-2.9220519065856934,-1.5321780822749531
1716056561581339597,-0.6129612922668457,-2.85498046875,-1.5322641023774963
1716056561699479103,-0.6162939071655273,-2.7693443298339844,-1.532492601597255
1716056561819888830,-0.6201553344726562,-2.669440269470215,-1.5326629107476464
1716056561939544439,-0.6244082450866699,-2.5588159561157227,-1.532810183554787
1716056562059726238,-0.6289067268371582,-2.4412460327148438,-1.5329360179153184
1716056562179717063,-0.6335434913635254,-2.3197102546691895,-1.533054528582909
1716056562299530982,-0.6382436752319336,-2.1960582733154297,-1.5331733055666064
1716056562420771837,-0.6429691314697266,-2.071335792541504,-1.5332924820244642
1716056562541702985,-0.6476998329162598,-1.9460787773132324,-1.533412191114536
1716056562659436702,-0.6524252891540527,-1.8205580711364746,-1.533532565994875
1716056562781126976,-0.6571402549743652,-1.6949067115783691,-1.5336528077171607
1716056562903689622,-0.6618428230285645,-1.5691914558410645,-1.5337731825974998
1716056563020651817,-0.6665310859680176,-1.4434442520141602,-1.5338936906358924
1716056563138652086,-0.6710925102233887,-1.3208260536193848,-1.5339991518142426
1716056563260606765,-0.6748561859130859,-1.2194185256958008,-1.5341349730287845
1716056563380937814,-0.6771130561828613,-1.158909797668457,-1.5343231253583411
1716056563498864412,-0.6782712936401367,-1.1281518936157227,-1.5343902370172913
1716056563620905637,-0.6797952651977539,-1.087170124053955,-1.534364537512971
1716056563739389419,-0.6822214126586914,-1.0215659141540527,-1.5344574818342949
1716056563859230041,-0.6853270530700684,-0.9369921684265137,-1.5346839836832515
1716056563981799840,-0.6889348030090332,-0.8380327224731445,-1.5348524286208942
1716056564101234436,-0.6926641464233398,-0.7352895736694336,-1.534926198182518
1716056564219379901,-0.6955780982971191,-0.655003547668457,-1.5350656146645036
1716056564338463068,-0.6971602439880371,-0.611809253692627,-1.5351994385082435
1716056564460822820,-0.698272705078125,-0.5814738273620605,-1.5351921148153025
1716056564579482316,-0.700218677520752,-0.5278081893920898,-1.53525989226452
1716056564697951078,-0.7029604911804199,-0.45159387588500977,-1.5354057003330723
1716056564819343805,-0.7062592506408691,-0.3593301773071289,-1.5356176879542005
1716056564938469409,-0.7099881172180176,-0.2543001174926758,-1.5357709528737473
1716056565061019420,-0.7138271331787109,-0.14574003219604492,-1.535854576131328
1716056565178730487,-0.7169227600097656,-0.05809354782104492,-1.5359882668170144
1716056565298506975,-0.7185897827148438,-0.011304855346679688,-1.5361475238489675
1716056565418637275,-0.7195448875427246,0.015261173248291016,-1.53615950807378
1716056565540980339,-0.7212381362915039,0.0631418228149414,-1.536207711289137
1716056565658411979,-0.7237582206726074,0.13499212265014648,-1.5363206293184817
1716056565781995534,-0.7268528938293457,0.22380876541137695,-1.5365497943285078
1716056565898739099,-0.7303948402404785,0.32622861862182617,-1.536711048731263
1716056566018634080,-0.7342586517333984,0.43859338760375977,-1.5368543267967993
1716056566139726638,-0.738316535949707,0.5571963787078857,-1.5369774979962614
1716056566260423898,-0.7424607276916504,0.6787176132202148,-1.5370889512870178
1716056566379447460,-0.7462329864501953,0.7895808219909668,-1.5371908171979243
1716056566499455928,-0.7488751411437988,0.8671636581420898,-1.537373376889235
1716056566621583700,-0.7502942085266113,0.9084954261779785,-1.5374862949185797
1716056566742926359,-0.751014232635498,0.9290392398834229,-1.5375360960305784
1716056566858904838,-0.7498316764831543,0.9178833961486816,-1.5291282302182196
1716056566980937004,-0.7423696517944336,0.8769316673278809,-1.4755153357808126
1716056567101612806,-0.7217340469360352,0.8155524730682373,-1.3510128221001594
1716056567218567132,-0.683039665222168,0.7438709735870361,-1.1767102616852299
1716056567341304302,-0.6241965293884277,0.6696207523345947,-0.98425586173704
1716056567461380004,-0.5454316139221191,0.601778507232666,-0.7819268600174922
1716056567581827163,-0.4520297050476074,0.5465395450592041,-0.5988168930507598
1716056567699971675,-0.36417531967163086,0.5036592483520508,-0.5105516458574577
1716056567820049047,-0.3076004981994629,0.4758429527282715,-0.4913170649018994
1716056567939332485,-0.28081846237182617,0.46158647537231445,-0.49103613469858587
1716056568062290668,-0.2436213493347168,0.4416341781616211,-0.4910447899720616
1716056568179788827,-0.18486452102661133,0.4130077362060547,-0.4688070621470253
1716056568301981925,-0.10667943954467773,0.38573360443115234,-0.37709568452985565
1716056568421440839,-0.012295246124267578,0.36931276321411133,-0.2283284778446948
1716056568541140079,0.09310722351074219,0.3597588539123535,-0.1251713332937321
1716056568659874916,0.19576358795166016,0.3508009910583496,-0.10160846645480781
1716056568780897617,0.27066564559936523,0.34326601028442383,-0.10126223054864436
1716056568900967597,0.3078751564025879,0.33943748474121094,-0.10113484822574126
1716056569018896818,0.3265037536621094,0.33751678466796875,-0.1011079253318048
1716056569139832258,0.3625497817993164,0.33382463455200195,-0.10113800240713289
1716056569259843111,0.42319345474243164,0.3276405334472656,-0.10104027271826244
1716056569380375623,0.5025134086608887,0.31957435607910156,-0.10085063068298261
1716056569500999212,0.5959634780883789,0.3110513687133789,-0.09250023921545392
1716056569619526386,0.7004795074462891,0.3107442855834961,-0.019270086302159983
1716056569739350318,0.8097629547119141,0.32901620864868164,-6.151878634610739
1716056569859358072,0.9145627021789551,0.37213945388793945,-5.946454107622117
1716056569978814363,1.008857250213623,0.4373030662536621,-5.735629222616865
1716056570098694086,1.0879249572753906,0.5211725234985352,-5.5243420128499565
1716056570218481063,1.1478419303894043,0.6200311183929443,-5.312823108070006
1716056570339230298,1.185736894607544,0.7294266223907471,-5.101187024203
1716056570459850311,1.200237512588501,0.8432211875915527,-4.897991030397293
1716056570580835103,1.200181007385254,0.9443726539611816,-4.779255592012532
1716056570699655532,1.198718547821045,1.010599136352539,-4.743951130979269
1716056570820753335,1.1991791725158691,1.0454843044281006,-4.740097004279562
1716056570941173076,1.1993687152862549,1.050147294998169,-4.740023501034045
1716056571059046745,1.1988279819488525,1.0294322967529297,-4.740132158005679
1716056571179531097,1.1977429389953613,0.98907470703125,-4.740255196047087
1716056571299273014,1.1962628364562988,0.9347143173217773,-4.7404139204468265
1716056571419979572,1.1943936347961426,0.8668475151062012,-4.74065946389743
1716056571541977167,1.1936264038085938,0.7840485572814941,-4.7582043690229625
1716056571659554481,1.1961326599121094,0.686892032623291,-4.845217298012869
1716056571779495477,1.195906639099121,0.5792531967163086,-5.008049357385573
1716056571899488449,1.1814465522766113,0.4684176445007324,-5.217035595988477
1716056572019975185,1.1447036266326904,0.36225366592407227,-5.431541502223922
1716056572139021158,1.0860886573791504,0.2662796974182129,-5.646303071922034
1716056572259753227,1.0083301067352295,0.18495798110961914,-5.861119502738177
1716056572382326602,0.9150021076202393,0.12206602096557617,-6.075972152544864
1716056572504868030,0.8094367980957031,0.08187723159790039,-0.007403748499001106
1716056572623578786,0.7138857841491699,0.07401895523071289,-0.025220468222819648
1716056572743572235,0.6575040817260742,0.07970428466796875,-6.248185995733024
1716056572859248638,0.6432867050170898,0.08253955841064453,-6.220833733653137
1716056572981041193,0.6359806060791016,0.08113908767700195,-6.213918036987991
1716056573100735425,0.6360268592834473,0.08027124404907227,-6.215803022392947
1716056573218310832,0.6353278160095215,0.0791158676147461,-6.2096441961037385
1716056573338882207,0.6352119445800781,0.07877302169799805,-6.208400499884306
1716056573460508823,0.6352953910827637,0.07856416702270508,-6.209212231378274
1716056573578403472,0.6354150772094727,0.0783686637878418,-6.210404262272959
1716056573698418617,0.6355390548706055,0.07817220687866211,-6.2116468932279645
1716056573819448232,0.6391658782958984,0.07736968994140625,-6.25052691431307
1716056573941081762,0.6437325477600098,0.0759739875793457,-0.028791929503328983
1716056574061958789,0.6490077972412109,0.07514333724975586,-0.06629372312310311
1716056574181496381,0.6542553901672363,0.07416391372680664,-0.10369458709953427
1716056574298567056,0.6557507514953613,0.07570552825927734,-0.11282213057902002
1716056574422888278,0.6566638946533203,0.07699203491210938,-0.11839054238151014
1716056574542421579,0.6579141616821289,0.07863473892211914,-0.12524005949408057
1716056574659991741,0.6610803604125977,0.07843351364135742,-0.14865437187959962
1716056574778703212,0.6769800186157227,0.07774162292480469,-0.13366693361857251
1716056574899497985,0.6988153457641602,0.07624387741088867,-0.12370653644888652
1716056575021777629,0.7112729549407959,0.07633399963378906,-0.14284488574367593
1716056575140391111,0.7291398048400879,0.07613515853881836,-0.16528371551896903
1716056575258821964,0.7331943511962891,0.07704877853393555,-0.17070844145938402
1716056575378448009,0.7323081493377686,0.07647895812988281,-0.153579272421549
1716056575501178979,0.7195067405700684,0.0781240463256836,-0.10913738092332981
1716056575618791580,0.7023928165435791,0.08211135864257812,-6.257139010616299
1716056575739950418,0.6816132068634033,0.08645296096801758,-6.218836895483264
1716056575857997894,0.6319484710693359,0.0889582633972168,-6.207771461239702
1716056575978439807,0.5467791557312012,0.09581995010375977,-6.140121311121334
1716056576099829912,0.45912694931030273,0.09388017654418945,-6.088605656026118
1716056576217999458,0.41529417037963867,0.08919382095336914,-6.0521187514780195
1716056576341218233,0.4200735092163086,0.09252262115478516,-6.073401669480631
1716056576461966514,0.4414377212524414,0.0971689224243164,-6.088872504765277
1716056576578733921,0.4758453369140625,0.10384368896484375,-6.090234977968407
1716056576698147296,0.5157589912414551,0.11123418807983398,-6.086355284922433
1716056576819227218,0.5762639045715332,0.1244654655456543,-6.086326522782883
1716056576939920186,0.6492729187011719,0.13878870010375977,-6.086053815089372
1716056577060534000,0.7367818355560303,0.15625476837158203,-6.085863665389013
1716056577177860260,0.8363373279571533,0.1761312484741211,-6.085710799943627
1716056577299602985,0.944727897644043,0.19778871536254883,-6.085581370315651
1716056577422060012,1.05875825881958,0.22058963775634766,-6.085459397538671
1716056577541371583,1.1760029792785645,0.2440500259399414,-6.085337957393904
1716056577658191442,1.2878527641296387,0.26643991470336914,-6.0852277025256285
1716056577778761148,1.373382568359375,0.283566951751709,-6.085070043390317
1716056577899362325,1.4193451404571533,0.29276323318481445,-6.084911318990578
1716056578019618034,1.4477193355560303,0.298429012298584,-6.084911851622792
1716056578138290405,1.4968838691711426,0.3082752227783203,-6.0848601862980445
1716056578259641170,1.5676589012145996,0.32246923446655273,-6.084752061958625
1716056578382409095,1.6540453433990479,0.3398141860961914,-6.084568836477047
1716056578498551130,1.752753734588623,0.3596529960632324,-6.084414373135019
1716056578619728803,1.8605542182922363,0.38133764266967773,-6.084283878242616
1716056578739834785,1.9745454788208008,0.4022483825683594,-6.0997435282507695
1716056578860638618,2.090191602706909,0.42327356338500977,-6.101984844606818
1716056578981902837,2.1905605792999268,0.4416337013244629,-6.101883644486179
1716056579100080013,2.2535996437072754,0.4531593322753906,-6.10168657056704
1716056579218936443,2.283170700073242,0.45855236053466797,-6.101593359929609
1716056579342275142,2.320122003555298,0.4653043746948242,-6.101633307345651
1716056579459788560,2.3807618618011475,0.4741859436035156,-6.121038164162087
1716056579579435825,2.4605069160461426,0.4831733703613281,-6.153023793870602
1716056579702275037,2.5523908138275146,0.49488401412963867,-6.1545412630479746
1716056579822028636,2.6353321075439453,0.5056061744689941,-6.154455509261538
1716056579941015005,2.682271718978882,0.5116481781005859,-6.154283469056452
1716056580058194160,2.722318649291992,0.5168066024780273,-6.1543042417127936
1716056580178544521,2.783242702484131,0.5243721008300781,-6.156745827781265
1716056580299026727,2.863820791244507,0.5289797782897949,-6.204367941392945
1716056580422077178,2.9586105346679688,0.5303664207458496,-6.249887223024189
1716056580538397789,3.064288377761841,0.5333776473999023,-6.252735207471858
1716056580659944295,3.177534818649292,0.5368256568908691,-6.252672356870619
1716056580780844211,3.2954044342041016,0.540393590927124,-6.2525530472547075
1716056580899763107,3.4158716201782227,0.5440571308135986,-6.252431607109941
1716056581019053936,3.5375657081604004,0.5477724075317383,-6.25230963433296
1716056581142050027,3.6509926319122314,0.5512456893920898,-6.252196716303615
1716056581259911775,3.7348568439483643,0.5538167953491211,-6.252027871891812
1716056581378491878,3.786534070968628,0.5553972721099854,-6.251926139138959
1716056581501361608,3.8485682010650635,0.5573062896728516,-6.251856896951153
1716056581621188640,3.929359197616577,0.5598094463348389,-6.2517402504963115
1716056581741531133,4.024644374847412,0.5627799034118652,-6.251581526096572
1716056581859423875,4.130740165710449,0.5661060810089111,-6.251439313295464
1716056581979566097,4.244041919708252,0.5696749687194824,-6.251316275254055
1716056582101019620,4.352709770202637,0.5731086730957031,-6.251212944604561
1716056582218242645,4.433459758758545,0.5756618976593018,-6.25104995914711
1716056582338693141,4.4761271476745605,0.577003002166748,-6.250914137932568
1716056582457918405,4.498015880584717,0.5776758193969727,-6.250875255780954
1716056582579949855,4.512609481811523,0.5781130790710449,-6.250876853677596
1716056582699251174,4.55135440826416,0.5793337821960449,-6.250852352595757
1716056582819049835,4.572534561157227,0.5798704624176025,-6.250607341777368
1716056582942219495,4.572541236877441,0.5797920227050781,-6.250420920502506
1716056583059671878,4.571539402008057,0.5797076225280762,-6.250273914011473
1716056583181758642,4.571438789367676,0.5796718597412109,-6.25024621713635
1716056583299586772,4.569895267486572,0.5795876979827881,-6.250265924528264
1716056583420720815,4.544186115264893,0.5787069797515869,-6.2502169223645865
1716056583538920640,4.489544868469238,0.5768716335296631,-6.250311730898659
1716056583659337759,4.413211822509766,0.5743298530578613,-6.250473651091681
1716056583779536962,4.327783584594727,0.5714995861053467,-6.2505455564405565
1716056583898753881,4.258059978485107,0.5691883563995361,-6.250625983904854
1716056584020823240,4.1837568283081055,0.566734790802002,-6.250688301873879
1716056584139765024,4.093663215637207,0.5637731552124023,-6.2508214599273515
1716056584258492708,3.9898576736450195,0.5603799819946289,-6.250976988533807
1716056584382881641,3.8766040802001953,0.5566983222961426,-6.251117603438274
1716056584501363515,3.757477045059204,0.5528459548950195,-6.251239576215255
1716056584619681835,3.635514259338379,0.5489163398742676,-6.2513524942446
1716056584740330219,3.523664712905884,0.5453202724456787,-6.251453161733025
1716056584857115268,3.4423940181732178,0.5427074432373047,-6.251616147190475
1716056584979600667,3.3708059787750244,0.5404114723205566,-6.25167154094072
1716056585100442647,3.2854411602020264,0.5376882553100586,-6.251767947371434
1716056585219692230,3.1850523948669434,0.5345005989074707,-6.251928269667815
1716056585340164422,3.074101686477661,0.5309991836547852,-6.252074743526634
1716056585458542823,2.9563188552856445,0.5273032188415527,-6.2521999120968985
1716056585581680774,2.834653615951538,0.52349853515625,-6.252318689080596
1716056585702290296,2.7152483463287354,0.519777774810791,-6.252416693407952
1716056585823025226,2.6184306144714355,0.5167670249938965,-6.2525578409446325
1716056585939563989,2.5618460178375244,0.5149965286254883,-6.2527320116785745
1716056586059772253,2.5339343547821045,0.5141100883483887,-6.252810308614016
1716056586180608749,2.4957308769226074,0.5129175186157227,-6.252763436979194
1716056586298254013,2.4324350357055664,0.5109572410583496,-6.2528518539267
1716056586419837236,2.349496364593506,0.5084099769592285,-6.253072896295464
1716056586541209220,2.2517828941345215,0.5054340362548828,-6.253253991248187
1716056586658371210,2.146088123321533,0.5022358894348145,-6.253348799782259
1716056586779013156,2.0553088188171387,0.4994935989379883,-6.253456924121679
1716056586901927709,1.9760937690734863,0.4971017837524414,-6.253511785239709
1716056587026158809,1.8857367038726807,0.4943876266479492,-6.253604463244926
1716056587139415264,1.7817449569702148,0.49127817153930664,-6.253756263425885
1716056587257714271,1.6683526039123535,0.48790740966796875,-6.253895813065924
1716056587379559040,1.5491397380828857,0.48438405990600586,-6.254017785842905
1716056587501871347,1.4289302825927734,0.48084115982055664,-6.2541200512279715
1716056587622578382,1.3258309364318848,0.477813720703125,-6.254240426108311
1716056587742353200,1.261580467224121,0.47591590881347656,-6.254431108440883
1716056587861996412,1.213707447052002,0.4745049476623535,-6.254441228452947
1716056587978543519,1.148040533065796,0.47258520126342773,-6.254530178032667
1716056588099364280,1.062650203704834,0.4701061248779297,-6.254712338249817
1716056588221439838,0.9628353118896484,0.46723079681396484,-6.254882247926048
1716056588339352369,0.852264404296875,0.4640679359436035,-6.2550297870492955
1716056588461490392,0.734708309173584,0.4607267379760742,-6.2551554882517735
1716056588580861806,0.614753246307373,0.45732736587524414,-6.255260949430124
1716056588702152729,0.5094666481018066,0.45435571670532227,-6.255372269562827
1716056588818991422,0.4416942596435547,0.45243358612060547,-6.255565082424255
1716056588939758300,0.40556812286376953,0.4517545700073242,-6.252116288839318
1716056589062139511,0.38701534271240234,0.4522533416748047,-6.241385347626078
1716056589180513381,0.37262535095214844,0.4540724754333496,-6.218445943438269
1716056589298304796,0.3316383361816406,0.45972728729248047,-6.127471828673663
1716056589420203924,0.2645583152770996,0.46138525009155273,-5.986027083217493
1716056589539960622,0.1802687644958496,0.4506678581237793,-5.810457657081827
1716056589659843921,0.0876307487487793,0.4213294982910156,-5.623846765152223
1716056589779616355,0.0061092376708984375,0.3739480972290039,-5.511166822407176
1716056589898359537,-0.045038700103759766,0.33095264434814453,-5.47796785651542
1716056590019150733,-0.06734418869018555,0.3082613945007324,-5.4760354668434275
1716056590140809297,-0.06872749328613281,0.30703163146972656,-5.473817053672576
1716056590259949207,-0.05534029006958008,0.3250088691711426,-5.447592906621708
1716056590380372762,-0.03469371795654297,0.36004161834716797,-5.375367445786026
1716056590501563310,-0.012640953063964844,0.4124612808227539,-5.249731224438108
1716056590619098424,0.006381034851074219,0.4834733009338379,-5.0883857415743705
1716056590741098642,0.015151023864746094,0.571580171585083,-4.903575146527714
1716056590858151435,0.006833076477050781,0.6710915565490723,-4.7053294365179
1716056590981318712,-0.021854400634765625,0.7742395401000977,-4.50725416881653
1716056591100652694,-0.06073713302612305,0.8708748817443848,-4.388455347198317
1716056591221237421,-0.09141683578491211,0.9431016445159912,-4.352291217771835
1716056591338260412,-0.10856389999389648,0.9873747825622559,-4.350649911604734
1716056591460601568,-0.12932252883911133,1.0424342155456543,-4.350587327319602
1716056591579229116,-0.15703582763671875,1.115736484527588,-4.350469615600332
1716056591700788021,-0.19006872177124023,1.2030601501464844,-4.350306630142882
1716056591819257497,-0.2271265983581543,1.3009743690490723,-4.350160156284062
1716056591938354015,-0.26644182205200195,1.4065074920654297,-4.354970890439915
1716056592062142133,-0.3004336357116699,1.5181269645690918,-4.407870324026817
1716056592182263612,-0.33004093170166016,1.6214611530303955,-4.4232633950082345
1716056592299308538,-0.3513975143432617,1.693669319152832,-4.423153406456066
1716056592418504238,-0.3622269630432129,1.7301204204559326,-4.423033297891834
1716056592541490793,-0.374725341796875,1.7722244262695312,-4.423055135812604
1716056592658602237,-0.3935699462890625,1.8356342315673828,-4.4229587293818895
1716056592781431913,-0.4175553321838379,1.9162626266479492,-4.42278083022245
1716056592900785923,-0.44537830352783203,2.0097289085388184,-4.422622105822711
1716056593018341541,-0.4758162498474121,2.1119163036346436,-4.422496404620233
1716056593140086650,-0.5038628578186035,2.2060468196868896,-4.422393872919059
1716056593258831501,-0.524254322052002,2.2744839191436768,-4.4222719001420785
1716056593380915164,-0.5452594757080078,2.34494686126709,-4.422188543200605
1716056593501455068,-0.5705280303955078,2.429659843444824,-4.422068168320266
1716056593621485948,-0.5995116233825684,2.526766538619995,-4.421916634455414
1716056593742391109,-0.6309304237365723,2.6319737434387207,-4.421792264833471
1716056593858298778,-0.6604747772216797,2.7308719158172607,-4.421690532080618
1716056593980586290,-0.683962345123291,2.809475898742676,-4.421591462488834
1716056594098773956,-0.7086353302001953,2.8920226097106934,-4.4215030455413284
1716056594219222307,-0.7368760108947754,2.986450433731079,-4.421359767475792
1716056594340483188,-0.7680201530456543,3.0905237197875977,-4.421226076790106
1716056594461429834,-0.8010358810424805,3.200796604156494,-4.42110277243259
1716056594581103086,-0.8345589637756348,3.312710762023926,-4.420988522822711
1716056594699507236,-0.8630852699279785,3.408931255340576,-4.423128372742013
1716056594819604396,-0.87823486328125,3.468583583831787,-4.441863977181697
1716056594937829017,-0.8828306198120117,3.4985718727111816,-4.468557905845216
1716056595062588930,-0.8822841644287109,3.539616346359253,-4.550228533729808
1716056595178225994,-0.8749794960021973,3.6036298274993896,-4.6889387453998665
1716056595299557447,-0.8541793823242188,3.683778762817383,-4.864618426403808
1716056595420648813,-0.8143773078918457,3.771024227142334,-5.057928766319719
1716056595539449930,-0.7536072731018066,3.856372356414795,-5.2605431257478585
1716056595659257411,-0.6751375198364258,3.934046983718872,-5.443963018084048
1716056595779185056,-0.5939059257507324,4.0023908615112305,-5.538013616516082
1716056595898916244,-0.5303168296813965,4.055927753448486,-5.5580704151623195
1716056596022031545,-0.46894359588623047,4.110077381134033,-5.558174811076242
1716056596138728857,-0.39839935302734375,4.172573566436768,-5.558055501460331
1716056596261699438,-0.3192877769470215,4.242641448974609,-5.557913288659222
1716056596381837844,-0.23454046249389648,4.31772518157959,-5.557788120088958
1716056596501189470,-0.14626407623291016,4.3958563804626465,-5.558237129045267
1716056596619567871,-0.05253791809082031,4.471185684204102,-5.601584336508267
1716056596738367557,0.05083465576171875,4.533102512359619,-5.7245973442027775
1716056596861338853,0.15885543823242188,4.579596042633057,-5.843046759088679
1716056596977922439,0.24955415725708008,4.616000652313232,-5.875740257009454
1716056597102590799,0.31279563903808594,4.642314434051514,-5.880565372235083
1716056597228490829,0.3824930191040039,4.665017604827881,-5.931491936101736
1716056597341691017,0.46951723098754883,4.679187297821045,-6.062660075623114
1716056597458853483,0.5690102577209473,4.6747212409973145,-6.2557019689032245
1716056597581273555,0.6729331016540527,4.648996353149414,-0.17519004219656686
1716056597698872327,0.7738957405090332,4.608968734741211,-0.3197891854262025
1716056597819114685,0.861750602722168,4.569859027862549,-0.3762929744940102
1716056597940813541,0.95265793800354,4.531431674957275,-0.3883546640041402
1716056598062118530,1.053182601928711,4.493474006652832,-0.3640648041275263
1716056598178539514,1.163330316543579,4.465473175048828,-0.26652609719526765
1716056598298545598,1.2755744457244873,4.446122169494629,-0.1941920459669788
1716056598418856620,1.3685581684112549,4.429384708404541,-0.18694217252188672
1716056598541406393,1.421555995941162,4.4193291664123535,-0.18674824446176075
1716056598661671161,1.4477801322937012,4.41433572769165,-0.18669083669595743
1716056598779017686,1.4610567092895508,4.411794662475586,-0.18667151213344724
1716056598902429819,1.4681997299194336,4.410411834716797,-0.1866628735047282
1716056599019848823,1.4718854427337646,4.40968132019043,-0.18665941139533793
1716056599141403436,1.473649501800537,4.4093146324157715,-0.18665906185544756
1716056599261157035,1.4743366241455078,4.409152030944824,-0.1866602602779288
1716056599381380319,1.474416732788086,4.409102916717529,-0.1866622576487309
1716056599498541593,1.4741525650024414,4.409119129180908,-0.18666480429650356
1716056599621592283,1.4736995697021484,4.40919828414917,-0.1866650872573672
1716056599741362333,1.4736194610595703,4.409213066101074,-0.18666315646559184
1716056599861311912,1.4736199378967285,4.409212589263916,-0.18666348936072552
1716056599980352401,1.4736199378967285,4.409212589263916,-0.18666348936072552
1716056600102018833,1.4736199378967285,4.409212589263916,-0.18666345607121215
1716056600220525264,1.4736199378967285,4.4092116355896,-0.1866635060054822
1716056600340947866,1.4736201763153076,4.409212112426758,-0.18666347271596884
1716056600461244821,1.4736199378967285,4.409212112426758,-0.1866635060054822
