1711710634213727951 -0.2005324363708496 0.29842138290405273 -0.003030911087989807 2.0958034474711238e-05 0.00045205293120634954 -4.991160122515339 
1711710771556840419 4.680000305175781 4.540119647979736 -0.0030317604541778564 2.8023178997326793e-05 0.0004656612551486028 -3.141593161886078 
1711710771929450035 4.680000305175781 4.540119647979736 -0.0030317604541778564 2.8023178997326793e-05 0.0004656612551486028 -3.141593161886078 
1711710773951854467 4.680001258850098 4.540261745452881 -0.0030307918787002563 2.088883235460597e-05 0.0004519522499339852 -3.1415928955699712 
1711710774195480823 4.6684770584106445 4.540287017822266 -0.002545401453971863 4.9557613349957615e-05 6.272630618557287 -3.141653083010141 
1711710774302950620 4.6274309158325195 4.5403218269348145 -0.0026606470346450806 3.2704272995040355e-05 6.275856771876818 -3.1416208587612005 
1711710774429972171 4.4791436195373535 4.540375232696533 -0.0028653889894485474 4.7476470170174784e-05 6.279546847854647 -3.1413542763381486 
1711710774558207035 4.4791436195373535 4.540375232696533 -0.0028653889894485474 4.7476470170174784e-05 6.279546847854647 -3.1413542763381486 
1711710774658930778 4.382884502410889 4.540379524230957 -0.002895548939704895 4.8045273033294356e-05 6.280348991968765 -3.141192622461233 
1711710774800453901 4.276042461395264 4.5403642654418945 -0.0029428303241729736 4.887282952967991e-05 6.2814057342811225 -3.141052273872873 
1711710774907591819 4.16203498840332 4.540332317352295 -0.002982720732688904 4.98476165386192e-05 6.282285110066255 -3.1409281705670367 
1711710775034569978 4.043701648712158 4.540283203125 -0.0030096322298049927 5.0203727369306245e-05 6.282868342340464 -3.1408067304222698 
1711710775158097982 3.9229562282562256 4.540215015411377 -0.003021731972694397 2.3953592879332603e-05 4.2628197146586666e-05 -3.140684757645289 
1711710775265683889 3.800922155380249 4.54013204574585 -0.0030265450477600098 1.835152693927325e-05 0.0002533888363818928 -3.1405619859199874 
1711710775395129203 3.6782145500183105 4.540031433105469 -0.0030289143323898315 2.0316457533203856e-05 0.0003669677958549958 -3.140438681562472 
1711710775509001731 3.5551602840423584 4.539916038513184 -0.003030151128768921 2.0076362200795997e-05 0.0004253516531025313 -3.1403148445727425 
1711710775640085935 3.4319283962249756 4.539783954620361 -0.0030308663845062256 2.0052805156240945e-05 0.0004552446933376794 -3.140190741266906 
1711710775751938343 3.308605909347534 4.539637565612793 -0.003031015396118164 2.0060920287856684e-05 0.00047047490577791645 -3.1400669042771767 
1711710775874966621 3.1853039264678955 4.539475440979004 -0.003033384680747986 2.0038702219699923e-05 0.0006579329019101854 -3.1399428009713404 
1711710775982873916 3.069429397583008 4.539314270019531 -0.003056928515434265 5.1983509427094496e-05 0.006493270945707452 -3.1398309482064235 
1711710776118394374 2.9332849979400635 4.539126396179199 -0.003026992082595825 4.255693271837174e-05 0.008192909182757058 -3.139528413108934 
1711710776246857404 2.909311294555664 4.539111137390137 -0.003064960241317749 5.5005447089043636e-05 0.003957066717568403 -3.1394828730546465 
1711710776356095075 2.909311294555664 4.539111137390137 -0.003064960241317749 5.5005447089043636e-05 0.003957066717568403 -3.1394828730546465 
1711710776484371423 2.896599054336548 4.53911828994751 -0.003069654107093811 5.432293079177123e-05 0.0025004447889236114 -3.139465029875481 
1711710776592891693 2.8898439407348633 4.53913688659668 -0.0030554383993148804 2.2238900516414204e-05 0.0016259502087261762 -3.1394573067083797 
1711710776697508335 2.8847239017486572 4.539192199707031 -0.0030386000871658325 2.7508695094801902e-05 0.0008259416298942932 -3.1394541109150964 
1711710776845498085 2.8847239017486572 4.539192199707031 -0.0030386000871658325 2.7508695094801902e-05 0.0008259416298942932 -3.1394541109150964 
1711710776954379558 2.8841068744659424 4.539223670959473 -0.0030353665351867676 2.7502370005988734e-05 0.0006693899560696048 -3.139455442495631 
1711710777194431543 2.8843612670898438 4.539285182952881 -0.003032505512237549 6.934018299792994e-06 0.0005316215000513921 -3.1394597035533423 
1711710777306710243 2.8849105834960938 4.539286136627197 -0.0030249059200286865 2.1331572316882555e-05 0.00022893455166648688 -3.1394578393405936 
1711710777435266017 2.8849105834960938 4.539286136627197 -0.0030249059200286865 2.1331572316882555e-05 0.00022893455166648688 -3.1394578393405936 
1711710777554872274 2.8849103450775146 4.5392866134643555 -0.003034144639968872 2.0012908129599322e-05 0.0005823889832164836 -3.1394578393405936 
1711710777661065816 2.8849103450775146 4.5392866134643555 -0.003029435873031616 2.1537213896959898e-05 0.0003916555135301085 -3.1394578393405936 
1711710777789026021 2.8849103450775146 4.5392866134643555 -0.003030747175216675 2.1056494956175204e-05 0.0004456867343954722 -3.1394578393405936 
1711710777914195775 2.8849103450775146 4.5392866134643555 -0.003030747175216675 2.1056494956175204e-05 0.0004456867343954722 -3.1394578393405936 
1711710778152141094 2.8849101066589355 4.5392866134643555 -0.003030836582183838 2.0852736883110326e-05 0.00045280922733818146 -3.1394578393405936 
1711710778385355949 2.8849103450775146 4.5392866134643555 -0.0030307769775390625 2.09240846163819e-05 0.00045239206812378724 -3.1394578393405936 
1711710778494610786 2.8849101066589355 4.5392866134643555 -0.0030308961868286133 2.091330372295348e-05 0.00045191525436151167 -3.1394578393405936 
1711710778662394523 2.8849103450775146 4.5392866134643555 -0.0030308812856674194 2.0915611882571777e-05 0.00045215367749729465 -3.1394578393405936 
1711710778760441541 2.8849103450775146 4.5392866134643555 -0.0030308961868286133 2.0917489294092293e-05 0.00045203446592940316 -3.1394581056567006 
1711710778856836557 2.8849103450775146 4.5392866134643555 -0.0030308812856674194 2.0921301008391523e-05 0.00045206427694869863 -3.1394581056567006 
1711710779100461483 2.8849103450775146 4.5392866134643555 -0.0030308812856674194 2.0918513336739848e-05 0.00045206427694869863 -3.1394581056567006 
1711710779235933542 2.8849103450775146 4.5392866134643555 -0.0030308812856674194 2.093015572636383e-05 0.00045206427694869863 -3.1394581056567006 
1711710779346516370 2.8849103450775146 4.5392866134643555 -0.0030308812856674194 2.0915256312208043e-05 0.00045206427694869863 -3.1394581056567006 
1711710779462587356 2.8849103450775146 4.5392866134643555 -0.0030308812856674194 2.0895236684814484e-05 0.00045206424443940824 -3.1394581056567006 
1711710779584536314 2.8849103450775146 4.5392866134643555 -0.0030308812856674194 2.0918986753281276e-05 0.00045206427694869863 -3.1394581056567006 
1711710779710809707 2.8849103450775146 4.5392866134643555 -0.0030308812856674194 2.0914333861092984e-05 0.00045206427694869863 -3.1394581056567006 
1711710779827814817 2.8849103450775146 4.5392866134643555 -0.0030308812856674194 2.090316082434913e-05 0.00045206424443940824 -3.1394581056567006 
1711710779936111211 2.8849103450775146 4.5392866134643555 -0.0030308812856674194 2.092225393696633e-05 0.00045206427694869863 -3.1394581056567006 
1711710780068883895 2.8849103450775146 4.5392866134643555 -0.0030308961868286133 2.0905028076716398e-05 0.00045206424443940824 -3.1394581056567006 
1711710780179336309 2.8849103450775146 4.5392866134643555 -0.0030308663845062256 2.0917054482333212e-05 0.00045203446592940316 -3.1394581056567006 
1711710780304532289 2.8849103450775146 4.5392866134643555 -0.0030308812856674194 2.090363627272121e-05 0.00045206424443940824 -3.1394581056567006 
1711710780452239513 2.8849103450775146 4.5392866134643555 -0.0030308961868286133 2.0914815404957012e-05 0.00045206427694869863 -3.1394581056567006 
1711710780558847188 2.8849103450775146 4.5392866134643555 -0.0030308961868286133 2.0917294238349902e-05 0.00045203446592940316 -3.1394581056567006 
1711710780691127777 2.8849103450775146 4.5392866134643555 -0.0030308812856674194 2.0917846896286677e-05 0.00045206427694869863 -3.1394581056567006 
1711710780783679485 2.8849103450775146 4.5392866134643555 -0.0030308663845062256 2.0907809652876124e-05 0.0004520940554587037 -3.1394581056567006 
1711710780915541410 2.8849103450775146 4.5392866134643555 -0.0030308663845062256 2.0921030774915085e-05 0.00045203446592940316 -3.1394581056567006 
1711710781033161401 2.8849103450775146 4.5392866134643555 -0.0030308663845062256 2.0921030774915085e-05 0.00045203446592940316 -3.1394581056567006 
1711710781147097349 2.8849103450775146 4.5392866134643555 -0.0030308514833450317 2.0912472704217666e-05 0.0004520940879679941 -3.1394581056567006 
1711710781394211053 2.8849103450775146 4.5392866134643555 -0.0030308812856674194 2.0913439855607023e-05 0.00045206427694869863 -3.1394583719728075 
1711710781505763053 2.8849103450775146 4.5392866134643555 -0.0030308812856674194 2.0910881780818787e-05 0.00045206424443940824 -3.1394583719728075 
1711710781638435840 2.8849103450775146 4.5392866134643555 -0.0030308961868286133 2.0913911240317802e-05 0.00045206427694869863 -3.1394583719728075 
1711710781753763914 2.8849103450775146 4.5392866134643555 -0.0030308812856674194 2.091437856136728e-05 0.00045206427694869863 -3.1394583719728075 
1711710781879129409 2.8849103450775146 4.5392866134643555 -0.0030308961868286133 2.0911588857884956e-05 0.00045206424443940824 -3.1394583719728075 
1711710781994685411 2.8849103450775146 4.5392866134643555 -0.0030308812856674194 2.092206700854654e-05 0.00045206427694869863 -3.1394583719728075 
1711710782137943983 2.8849103450775146 4.5392866134643555 -0.0030308663845062256 2.0906442230848735e-05 0.0004520940554587037 -3.1394583719728075 
1711710782230319023 2.8849103450775146 4.5392866134643555 -0.0030308663845062256 2.0906442230848735e-05 0.0004520940554587037 -3.1394583719728075 
1711710782362448692 2.8849103450775146 4.5392866134643555 -0.0030308961868286133 2.0906009450920304e-05 0.00045206424443940824 -3.1394583719728075 
1711710782465720176 2.8849103450775146 4.5392866134643555 -0.0030308961868286133 2.0918352822118505e-05 0.00045206427694869863 -3.1394583719728075 
1711710782598592519 2.8849103450775146 4.5392866134643555 -0.0030308961868286133 2.09161746996618e-05 0.00045203446592940316 -3.1394583719728075 
1711710782705641984 2.8849103450775146 4.5392866134643555 -0.0030308812856674194 2.0906017578242904e-05 0.00045206424443940824 -3.1394583719728075 
1711710782828620433 2.8849103450775146 4.5392866134643555 -0.0030308812856674194 2.092138634527882e-05 0.00045206427694869863 -3.1394583719728075 
1711710782952243566 2.8849103450775146 4.5392866134643555 -0.0030308961868286133 2.0919907172565685e-05 0.00045203446592940316 -3.1394583719728075 
1711710783076409816 2.8849103450775146 4.5392866134643555 -0.0030308812856674194 2.092023226546967e-05 0.00045206427694869863 -3.1394583719728075 
1711710783316004753 2.8729913234710693 4.539284706115723 -0.0025807172060012817 4.9638906894260496e-05 6.27348549326058 -3.1394724867264756 
1711710783432628631 2.7665975093841553 4.53911018371582 -0.002827867865562439 5.1255020929537234e-05 6.278762280603587 -3.139238927500685 
1711710783543785810 2.7665975093841553 4.53911018371582 -0.002827867865562439 5.1255020929537234e-05 6.278762280603587 -3.139238927500685 
1711710783662690401 2.6844542026519775 4.538941860198975 -0.002864465117454529 4.747762424998393e-05 6.279593186857255 -3.139045582007043 
1711710783796515226 2.517784357070923 4.538570404052734 -0.002987608313560486 3.4939258264311737e-05 0.012198494845910846 -3.1388189470000327 
1711710783920113563 2.517784357070923 4.538570404052734 -0.002987608313560486 3.4939258264311737e-05 0.012198494845910846 -3.1388189470000327 
1711710784039041996 2.4780216217041016 4.538491725921631 -0.003069177269935608 4.7445903309877545e-05 0.005755239833593051 -3.1386937784297686 
1711710784154655933 2.4576632976531982 4.538466453552246 -0.0030643343925476074 5.501324119141669e-05 0.0036623749415176654 -3.138658092071438 
1711710784279182672 2.4382472038269043 4.538444519042969 -0.0026212483644485474 3.911120801044837e-05 6.273222905579132 -3.138711887925041 
1711710784394016742 2.3968896865844727 4.538360118865967 -0.0029401928186416626 4.5497471180824204e-05 0.000529891745727866 -3.1387145510861103 
1711710784499827146 2.368213653564453 4.538308143615723 -0.0030350834131240845 4.813753846310675e-05 0.00655296580510889 -3.138628530983567 
1711710784622795581 2.3531646728515625 4.538297653198242 -0.0030696988105773926 5.4132556387197304e-05 0.002665604467715771 -3.1386034972695143 
1711710784737962007 2.345296621322632 4.538307189941406 -0.0030610114336013794 2.7735849697800487e-05 0.001816108101426045 -3.138594176205771 
1711710784867489099 2.341195821762085 4.538329601287842 -0.0030460208654403687 2.614734417739472e-05 0.00119803445036204 -3.138590181464167 
1711710784995485067 2.3392035961151123 4.538355827331543 -0.003039613366127014 2.7972994812104678e-05 0.0008792711702356945 -3.138589648831953 
1711710785114143848 2.338390827178955 4.538386344909668 -0.003035932779312134 2.7419209209318587e-05 0.0006991746428398546 -3.138590714096381 
1711710785237499237 2.338470935821533 4.5384521484375 -0.003032684326171875 2.754223452333996e-05 0.0005410732186325769 -3.138595241470199 
1711710785344230890 2.338470935821533 4.5384521484375 -0.003032684326171875 2.754223452333996e-05 0.0005410732186325769 -3.138595241470199 
1711710785466650485 2.338911294937134 4.53848123550415 -0.0030318796634674072 6.873212719848477e-06 0.0005087960770767605 -3.1385973719990545 
1711710785588858604 2.339172840118408 4.53848123550415 -0.00302278995513916 2.5062543697916074e-05 3.8035564991708865e-05 -3.138595241470199 
1711710785712379932 2.339172840118408 4.53848123550415 -0.0030303150415420532 2.0660137623974752e-05 0.0004111842668932941 -3.138595507786306 
1711710785833555459 2.3391730785369873 4.538481712341309 -0.003030627965927124 2.1229342789563007e-05 0.0004543985415271859 -3.138595241470199 
1711710785944821596 2.3391730785369873 4.538481712341309 -0.003030627965927124 2.1229342789563007e-05 0.0004543985415271859 -3.138595241470199 
1711710786069959640 2.339172840118408 4.53848123550415 -0.003031030297279358 2.0681341808637208e-05 0.00045824221245887795 -3.138595507786306 
1711710786246034145 2.33917236328125 4.53848123550415 -0.003030836582183838 2.0855166952567618e-05 0.0004552027238437749 -3.138595507786306 
1711710786432050943 2.339172601699829 4.53848123550415 -0.003030732274055481 2.0946914265564283e-05 0.00045061322477175925 -3.138595507786306 
1711710786554482698 2.339172840118408 4.53848123550415 -0.003030747175216675 2.088545545206582e-05 0.000452550290840157 -3.138595507786306 
1711710786665642023 2.339172601699829 4.53848123550415 -0.0030307024717330933 2.089648219700288e-05 0.00045195433052857073 -3.138595507786306 
1711710786792564868 2.339172840118408 4.53848123550415 -0.0030307024717330933 2.0928221423585115e-05 0.0004519841415478662 -3.138595507786306 
1711710787023136615 2.339172601699829 4.53848123550415 -0.0030307918787002563 2.0918121193424415e-05 0.00045204369856787635 -3.138595507786306 
1711710787156583547 2.333589553833008 4.538486480712891 -0.0027644187211990356 6.372301242881916e-05 6.27620351544806 -3.1386711415606783 
1711710787278939247 2.3016531467437744 4.538424491882324 -0.0026706308126449585 3.350865239920239e-05 6.277711397245582 -3.138678065779459 
1711710787383143901 2.2741522789001465 4.538375377655029 -0.0030428320169448853 4.8318822457352976e-05 0.007174378550408311 -3.138610421488295 
1711710787510798692 2.258608341217041 4.538363456726074 -0.0030706077814102173 5.4936551775366504e-05 0.002602544506646598 -3.138584855142028 
1711710787631320476 2.2505664825439453 4.538372039794922 -0.0030618906021118164 2.7987812953034468e-05 0.0018676370171908513 -3.138575267762178 
1711710787749884128 2.246351718902588 4.538394451141357 -0.0030463188886642456 2.6079389601308496e-05 0.0012113860159287254 -3.138571006704467 
1711710787870869398 2.2442994117736816 4.538420677185059 -0.0030399560928344727 2.795721358344683e-05 0.0008892850719757414 -3.138570207756146 
1711710787978646278 2.2434520721435547 4.538451194763184 -0.003035932779312134 2.7455365635733727e-05 0.0007041520102556154 -3.138571273020574 
1711710788099124670 2.2432844638824463 4.538482666015625 -0.003033876419067383 2.7483766564558162e-05 0.0006012742801948107 -3.1385731372333225 
1711710788240844726 2.2435014247894287 4.538516998291016 -0.003032594919204712 2.7546164083816884e-05 0.0005428020952052623 -3.138575800394392 
1711710788362049818 2.2439355850219727 4.538546562194824 -0.0030319392681121826 6.8858095619202535e-06 0.0005096902776184631 -3.1385779309232475 
1711710788471863985 2.244194746017456 4.538546562194824 -0.003022804856300354 2.5078928380276944e-05 4.089684986783096e-05 -3.138576066710499 
1711710788593866825 2.244194984436035 4.538546562194824 -0.0030303001403808594 2.0672858915673836e-05 0.000411542096652711 -3.138576333026606 
1711710788713408708 2.2410807609558105 4.5385541915893555 -0.002866506576538086 6.32215078604859e-05 6.27869144051914 -3.1386319930929574 
1711710788829417228 2.2410807609558105 4.5385541915893555 -0.002866506576538086 6.32215078604859e-05 6.27869144051914 -3.1386319930929574 
1711710788941210031 2.2120609283447266 4.5384979248046875 -0.0024889707565307617 2.3457497044189392e-05 6.273026896924421 -3.138644509949984 
1711710789079851865 2.1569600105285645 4.538366794586182 -0.0028047263622283936 5.173565859709593e-05 6.278133241958983 -3.1385731372333225 
1711710789189745903 2.082850217819214 4.5381669998168945 -0.002864733338356018 4.8396865072616e-05 6.279496247794327 -3.138363546457157 
1711710789417977809 1.8926210403442383 4.537587642669678 -0.002917066216468811 4.84350309795439e-05 6.280821436742485 -3.1380226618402673 
1711710789558000802 1.7822422981262207 4.537222385406494 -0.0029616057872772217 4.9365804472944856e-05 6.281825448465668 -3.137892699580078 
1711710789677987098 1.6660487651824951 4.5368218421936035 -0.0029961317777633667 5.001108544172702e-05 6.282575394622825 -3.1377704604869905 
1711710789794113636 1.4250688552856445 4.535942077636719 -0.0030246376991271973 1.658375198471064e-05 0.0001485389952376407 -3.137526781249136 
1711710789911611795 1.3026869297027588 4.535470962524414 -0.003027796745300293 1.9907506914635265e-05 0.0003126389524360333 -3.1374034768916204 
1711710790043090820 1.3026869297027588 4.535470962524414 -0.003027796745300293 1.9907506914635265e-05 0.0003126389524360333 -3.1374034768916204 
1711710790155841112 1.1797997951507568 4.5349812507629395 -0.003029540181159973 2.0153197908652975e-05 0.0003971603441825858 -3.137279639901891 
1711710790273543596 1.0566539764404297 4.534477233886719 -0.0030304640531539917 2.0051397097600558e-05 0.0004409410606923819 -3.1371560692282685 
1711710790393106698 0.8100314140319824 4.533419609069824 -0.0030311644077301025 2.006079837801769e-05 0.0004744715004116433 -3.1369081289327028 
1711710790517303466 0.6866521835327148 4.532867431640625 -0.0030313581228256226 2.006773707968713e-05 0.00048040350313995756 -3.1367837593107595 
1711710790618921279 0.6866521835327148 4.532867431640625 -0.0030313581228256226 2.006773707968713e-05 0.00048040350313995756 -3.1367837593107595 
1711710790752704620 0.563255786895752 4.532299995422363 -0.003031313419342041 2.0064673079067067e-05 0.0004832956596509744 -3.13665992232103 
1711710790863164663 0.31644105911254883 4.531118869781494 -0.003031432628631592 2.0076469887820442e-05 0.000485473912144839 -3.1364117157093574 
1711710791101820468 0.19302892684936523 4.530506134033203 -0.003031417727470398 2.0046591818113522e-05 0.0004859519612601497 -3.136287346087414 
1711710791227219104 0.06961631774902344 4.529877662658691 -0.0030313581228256226 2.0070815303121744e-05 0.00048616197127612434 -3.1361632427815778 
1711710791343233823 -0.053797245025634766 4.529232978820801 -0.0030313730239868164 2.005341267360527e-05 0.0004861334606284448 -3.1360391394757414 
1711710791483231544 -0.17721080780029297 4.528574466705322 -0.0030314624309539795 2.0066217270360998e-05 0.00048637318413584374 -3.135915036169905 
1711710791591000318 -0.30062437057495117 4.527899265289307 -0.003031432628631592 2.007310517626419e-05 0.00048619578093813884 -3.1357911991801757 
1711710791706273555 -0.5474514961242676 4.526504039764404 -0.0030313879251480103 2.0055501395513375e-05 0.0004862282252099566 -3.135542726252396 
1711710791834881067 -0.5474514961242676 4.526504039764404 -0.0030313879251480103 2.0055501395513375e-05 0.0004862282252099566 -3.135542726252396 
1711710792075772762 -0.7942781448364258 4.525047779083252 -0.0030313730239868164 2.0063437726031922e-05 0.0004863203240296557 -3.1352945196407234 
1711710792181522369 -0.917691707611084 4.524296760559082 -0.003031432628631592 2.0089640214093155e-05 0.0004863813439677338 -3.13517015001878 
1711710792420189142 -1.164517879486084 4.522747993469238 -0.003031402826309204 2.0033078112460974e-05 0.0004863242251445035 -3.1349219434071074 
1711710792548730373 -1.287930965423584 4.521951198577881 -0.0030314624309539795 2.0060639895226997e-05 0.00048632568806257145 -3.134798106417378 
1711710792689502716 -1.4113335609436035 4.520874977111816 -0.0030296742916107178 6.2827021610897305 0.0005065904192510899 -3.1327352218529825 
1711710792836092710 -1.6500182151794434 4.477417469024658 -0.0029282718896865845 6.278147623028758 0.001551259463849694 -2.9042069736385656 
1711710792918751478 -1.7553324699401855 4.422320365905762 -0.002908661961555481 6.2775020727855235 0.0019004968877770617 -2.702507410037782 
1711710793037280082 -1.7553324699401855 4.422320365905762 -0.002908661961555481 6.2775020727855235 0.0019004968877770617 -2.702507410037782 
1711710793153958797 -1.8448433876037598 4.346214771270752 -0.0029243379831314087 6.278074652415455 0.0014482806949143306 -2.489826301767124 
1711710793275962829 -1.9157357215881348 4.253462791442871 -0.002921193838119507 6.278049086069188 0.0013654909755394379 -2.277550792927343 
1711710793387035608 -1.965775966644287 4.148561477661133 -0.0029425472021102905 6.278793173271993 0.0015916960796933527 -2.0708909586766566 
1711710793507004499 -2.0220398902893066 3.9663360118865967 -0.0029243677854537964 0.0008425043981479668 0.01306556495436706 -1.8971516568279156 
1711710793628819227 -2.0220398902893066 3.9663360118865967 -0.0029243677854537964 0.0008425043981479668 0.01306556495436706 -1.8971516568279156 
1711710793769788265 -2.0346875190734863 3.926959753036499 -0.0030413269996643066 0.00019343619456223954 0.006977871073144959 -1.8942572002195845 
1711710793876232385 -2.04183292388916 3.9040191173553467 -0.0029408931732177734 6.282722401113858 6.279877612459472 -1.8896218352201544 
1711710793987826347 -2.0499958992004395 3.8614563941955566 -0.0025843828916549683 6.281588427130487 6.274735048434366 -1.8421876076219235 
1711710794216341972 -2.0431647300720215 3.7111735343933105 -0.002871200442314148 6.27958146894855 6.280431549961918 -1.5449928138669833 
1711710794346594095 -2.0145626068115234 3.618624448776245 -0.0028931796550750732 6.279189451639127 6.281727444138312 -1.3512547702833189 
1711710794474326610 -1.9720792770385742 3.523759126663208 -0.0030192583799362183 6.281566589209717 0.001551080662752502 -1.2088523521065753 
1711710794590431451 -1.9084076881408691 3.391249179840088 -0.002870723605155945 0.00028288137841397595 0.011919320664427469 -1.1510397858207 
1711710794719465970 -1.9084076881408691 3.391249179840088 -0.002870723605155945 0.00028288137841397595 0.011919320664427469 -1.1510397858207 
1711710794835919618 -1.8970060348510742 3.3655216693878174 -0.0030695050954818726 3.9568731064576034e-06 0.004085579323480082 -1.1509825278577068 
1711710794958027601 -1.891096591949463 3.352202892303467 -0.0030681639909744263 6.215728372999888e-05 0.0027942127809783834 -1.150959757830563 
1711710795078845262 -1.8879470825195312 3.345066785812378 -0.0030594319105148315 2.25264573809733e-05 0.00179340231264008 -1.150950703082927 
1711710795189286231 -1.886324405670166 3.34134840965271 -0.003046169877052307 2.7405291169366706e-05 0.0011919934439830193 -1.1509464420252158 
1711710795305521488 -1.885551929473877 3.33953857421875 -0.003039538860321045 2.7792769401627053e-05 0.0008755835113886251 -1.1509461757091088 
1711710795436737060 -1.8853106498718262 3.3387770652770996 -0.003035992383956909 4.196746613754259e-05 0.0006994422593184155 -1.1514935884669342 
1711710795551803827 -1.885303020477295 3.3382034301757812 -0.003019377589225769 0.0003355851149152052 6.282678725272319 -1.1528681790529305 
1711710795669823408 -1.882075309753418 3.317147731781006 -0.0024728775024414062 0.001801877354609821 6.272508645780306 -1.2018291968922767 
1711710795909456253 -1.8788933753967285 3.195843458175659 -0.0028618723154067993 0.0028534181805035808 6.27959798054718 -1.4704959429551678 
1711710796044956207 -1.929086685180664 3.0165443420410156 -0.0028974413871765137 0.00448362567586319 6.282133309885296 -1.8507181120015304 
1711710796141515493 -1.929086685180664 3.0165443420410156 -0.0028974413871765137 0.00448362567586319 6.282133309885296 -1.8507181120015304 
1711710796280161619 -1.9851446151733398 2.925564765930176 -0.0029088109731674194 0.004797978550598325 -5.717505617532353e-05 -2.0551519430723175 
1711710796389637470 -2.059934139251709 2.842639207839966 -0.0029498785734176636 0.0034034636707025445 6.283048904660973 -2.2462253608479443 
1711710796624259471 -2.235158920288086 2.6868865489959717 -0.003009781241416931 -5.948792557706724e-05 6.282896039215586 -2.4133328590015424 
1711710796761259317 -2.3229146003723145 2.604060173034668 -0.0029817968606948853 6.2807330197949796 0.00046158787357095457 -2.385576062755206 
1711710796866141080 -2.401517391204834 2.511834144592285 -0.0029770880937576294 6.280619569133421 0.0006800057348120905 -2.2907235865251607 
1711710796987099885 -2.476534843444824 2.415782928466797 -0.0030235648155212402 0.0006305256845653626 0.00017173232585171276 -2.246028286928805 
1711710797099011182 -2.6262030601501465 2.2214839458465576 -0.002988472580909729 6.280775630372091 0.0007254617200747049 -2.212497757483902 
1711710797224167108 -2.6262030601501465 2.2214839458465576 -0.002988472580909729 6.280775630372091 0.0007254617200747049 -2.212497757483902 
1711710797470784664 -2.7330756187438965 2.0033369064331055 -0.003006458282470703 6.281471780675645 0.0005010205375085251 -1.9873826164960917 
1711710797611541271 -2.7761178016662598 1.889207363128662 -0.003025949001312256 0.0004990241744944404 0.00020317672567932502 -1.9431694822113599 
1711710797705940008 -2.8649182319641113 1.6602234840393066 -0.003030061721801758 1.8087155802217934e-06 0.0004158131347159824 -1.9408053941300096 
1711710797836997032 -2.8649182319641113 1.6602234840393066 -0.003030061721801758 1.8087155802217934e-06 0.0004158131347159824 -1.9408053941300096 
1711710797952691793 -2.9094958305358887 1.5453662872314453 -0.0030307769775390625 2.2614419393469183e-05 0.0004507400110043136 -1.940679826085585 
1711710798066973447 -2.9540963172912598 1.4304068088531494 -0.003031015396118164 1.9976201077078056e-05 0.0004680983791219111 -1.9405558559378022 
1711710798185000419 -2.998328685760498 1.316359043121338 -0.003057926893234253 2.02874084504021e-05 0.002433567456938679 -1.9404345489510888 
1711710798311713695 -3.0649971961975098 1.1499347686767578 -0.002746298909187317 0.0005257732087458541 0.015593952388648358 -1.955385002562764 
1711710798424305915 -3.0649971961975098 1.1499347686767578 -0.002746298909187317 0.0005257732087458541 0.015593952388648358 -1.955385002562764 
1711710798549538850 -3.0881972312927246 1.1075468063354492 -0.002814173698425293 0.0014833253198524854 6.276914579453603 -1.9954257623999894 
1711710798654986381 -3.12727689743042 1.0579771995544434 -0.002790674567222595 0.0028050219899987405 6.2784176675612 -2.114659744536951 
1711710798824103116 -3.187161445617676 1.0021319389343262 -0.0028744488954544067 0.0034287769646527966 6.280244063422629 -2.2871594780659166 
1711710798930735826 -3.2640795707702637 0.9446725845336914 -0.002902105450630188 0.0021767672094048784 6.280587611200588 -2.4364520265615397 
1711710799038490772 -3.4483132362365723 0.8248686790466309 -0.002979457378387451 6.282857157063972 6.2822132047173795 -2.5573872359896654 
1711710799145781040 -3.4483132362365723 0.8248686790466309 -0.002979457378387451 6.282857157063972 6.2822132047173795 -2.5573872359896654 
1711710799265705108 -3.546787738800049 0.7598991394042969 -0.003007039427757263 8.897362033986021e-05 6.282817209647931 -2.5578791218391927 
1711710799391085863 -3.6473851203918457 0.693472146987915 -0.0030208975076675415 2.9135301503554773e-05 1.1493444246359324e-05 -2.557772062764201 
1711710799513783216 -3.749136447906494 0.6262862682342529 -0.003026247024536133 1.7100195587897368e-05 0.00023576514369070753 -2.557649823671113 
1711710799641714334 -3.8485751152038574 0.5548858642578125 -0.0029814690351486206 6.280443800502837 0.0007445755573645338 -2.5211914149464576 
1711710799747253417 -3.9374194145202637 0.47176265716552734 -0.0029398053884506226 6.278766541661298 0.001282429868608298 -2.405450701184293 
1711710799877584218 -4.006039142608643 0.3738422393798828 -0.002898186445236206 6.277156927110923 0.002075000386815573 -2.2181324736746433 
1711710800025776147 -4.05404806137085 0.26535606384277344 -0.0029856711626052856 6.28066324497496 0.0004011658138525914 -2.0351195123498655 
1711710800112609386 -4.1290507316589355 0.03682851791381836 -0.0030230730772018433 0.00039114446748504325 4.277027493661224e-05 -1.8852027188995635 
1711710800354740858 -4.166411876678467 -0.07940340042114258 -0.003026992082595825 3.459290022074426e-05 0.0002674856449216747 -1.882728642266045 
1711710800477449893 -4.20413064956665 -0.19620418548583984 -0.0030289441347122192 1.7574493181891855e-06 0.0003715262160453904 -1.8825639257538995 
1711710800578108310 -4.241905689239502 -0.31333351135253906 -0.003030151128768921 2.2447246463086577e-05 0.0004280955347400403 -1.8824382245514215 
1711710800707025527 -4.27971887588501 -0.4306297302246094 -0.0030308514833450317 1.9919039585404152e-05 0.00045651024750360467 -1.8823143875616921 
1711710800843034029 -4.313450336456299 -0.5490412712097168 -0.002993747591972351 6.280884287343724 0.0007642598026636957 -1.8499804163852929 
1711710800936946868 -4.332306385040283 -0.6696782112121582 -0.0029414892196655273 6.27874630163717 0.0013187984018886434 -1.7404167715656627 
1711710801077968597 -4.326956272125244 -0.7894959449768066 -0.0028952062129974365 6.277051465932573 0.0021416402709434346 -1.559130337562209 
1711710801180554151 -4.299879550933838 -0.9054441452026367 -0.0029788166284561157 6.280499194253082 0.0006900457740216179 -1.3840068577476217 
1711710801318809509 -4.237637996673584 -1.0971245765686035 -0.002966359257698059 0.0007865598755054867 0.012137303518853781 -1.275100614237985 
1711710801433745622 -4.237637996673584 -1.0971245765686035 -0.002966359257698059 0.0007865598755054867 0.012137303518853781 -1.275100614237985 
1711710801554496765 -4.223392963409424 -1.1436967849731445 -0.0030212849378585815 -3.389623831848718e-05 0.008496279118823946 -1.274900211367509 
1711710801663362264 -4.216166973114014 -1.1675734519958496 -0.0030649155378341675 5.835656569824592e-05 0.004063745043751121 -1.2748500107813499 
1711710801815491437 -4.190131664276123 -1.2224249839782715 -0.0026446878910064697 6.281477106997784 6.2759883320336485 -1.1987798774677572 
1711710801912989139 -4.151693820953369 -1.2761240005493164 -0.0028481781482696533 6.280320229829215 6.279182527420346 -1.0646002354090456 
1711710802030095577 -4.092902660369873 -1.335193157196045 -0.0028684884309768677 6.279670951160483 6.2803271540479955 -0.887278249552601 
1711710802136767148 -4.092902660369873 -1.335193157196045 -0.0028684884309768677 6.279670951160483 6.2803271540479955 -0.887278249552601 
1711710802262233972 -4.0144782066345215 -1.3910160064697266 -0.0029057860374450684 6.2798211534448 6.281542620760092 -0.6982748402972305 
1711710802376351594 -3.9259438514709473 -1.4404125213623047 -0.0030563175678253174 6.28224889107571 0.003388863878421716 -0.57060076809897 
1711710802521958827 -3.812953472137451 -1.5014162063598633 -0.002952888607978821 0.00016013297852821885 0.009643665135042334 -0.525213545967258 
1711710802878029823 -3.7839531898498535 -1.5170278549194336 -0.0030695050954818726 6.367329353281588e-05 0.002349816762939605 -0.5150694988746984 
1711710802975534439 -3.777961254119873 -1.519273281097412 -0.00300520658493042 6.282412409165374 6.281587894498273 -0.5084344660967588 
1711710803221387624 -3.6962361335754395 -1.5349922180175781 -0.002802640199661255 6.281124504472189 6.278245627356114 -0.3206406645991322 
1711710803346214771 -3.620811939239502 -1.5383424758911133 -0.0028617680072784424 6.28016203806169 6.279798782891817 -0.15666489406039652 
1711710803475080728 -3.435436725616455 -1.502121925354004 -0.003004714846611023 6.281239020398175 0.0013288240069732338 -6.097129901977212 
1711710803714128017 -3.3518786430358887 -1.4757728576660156 -0.003034338355064392 0.0004285737789110934 0.009551056829744109 -6.032690991476386 
1711710803831408500 -3.3028712272644043 -1.4613618850708008 -0.0027867108583450317 0.0005303001924524334 0.013700007943406867 -6.022862329233476 
1711710803969437599 -3.2785439491271973 -1.4549269676208496 -0.0030775219202041626 -1.9930809980359078e-05 0.0031856077325459475 -6.0227824344013925 
1711710804204910278 -3.2597336769104004 -1.4499878883361816 -0.003055274486541748 2.1862432774445717e-05 0.001617497012999583 -6.022754204894056 
1711710804308449506 -3.2547402381896973 -1.448725700378418 -0.0030386745929718018 2.764081285098162e-05 0.0008274301652830621 -6.022751009100773 
1711710804562744379 -3.254129409790039 -1.4485969543457031 -0.0030353516340255737 2.7475391358619235e-05 0.0006703316201752893 -6.022752606997415 
1711710804672670364 -3.2559638023376465 -1.4491214752197266 -0.003050297498703003 4.116432005458505e-05 0.004661288687816956 -6.022755802790698 
1711710804800140619 -3.281836986541748 -1.4560494422912598 -0.0029763728380203247 3.2420263706796e-05 0.011038824479110976 -6.022806935483231 
1711710804936735153 -3.4074625968933105 -1.4895777702331543 -0.003066331148147583 4.7678084661904006e-05 0.004779482064733165 -6.023157940112185 
1711710805040327548 -3.4074625968933105 -1.4895777702331543 -0.003066331148147583 4.7678084661904006e-05 0.004779482064733165 -6.023157940112185 
1711710805147762298 -3.4953408241271973 -1.512990951538086 -0.0030623823404312134 4.6773964722968565e-05 0.00488560955349937 -6.023383776170874 
1711710805292014360 -3.595841884613037 -1.539738655090332 -0.00306682288646698 4.767396410934599e-05 0.0036636240784919394 -6.0235419679383995 
1711710805382013559 -3.7054829597473145 -1.5688977241516113 -0.003070250153541565 4.7651626163180884e-05 0.002583246471717371 -6.023681517578439 
1711710805521717309 -3.9208779335021973 -1.626138687133789 -0.0026156604290008545 3.7852765251797805e-05 6.2743046816055426 -6.023906821004914 
1711710805631698369 -3.9208779335021973 -1.626138687133789 -0.0026156604290008545 3.7852765251797805e-05 6.2743046816055426 -6.023906821004914 
1711710805771939039 -4.020049571990967 -1.6497111320495605 -0.0026230812072753906 0.0007217670392209094 6.274176849874209 -5.99528156793383 
1711710806110623121 -3.9961915016174316 -1.6509065628051758 -0.0028175413608551025 0.0009479692825572691 6.27864084045882 -6.063259819495954 
1711710806250602722 -3.9547038078308105 -1.6525840759277344 -0.0028576254844665527 0.0013668165743647293 6.2793934497770465 -6.152666930287296 
1711710806386791944 -3.897268772125244 -1.6605730056762695 -0.002842128276824951 0.002147451501657918 6.279057891482296 -6.280971639026802 
1711710806491423606 -3.825369358062744 -1.6807589530944824 -0.0028573721647262573 0.0030575468757336466 6.279593186857255 -0.16069295846745213 
1711710806590991497 -3.7442450523376465 -1.7187232971191406 -0.002884283661842346 0.004008442579594013 6.280978030613369 -0.3463182311300095 
1711710806731993198 -3.5886855125427246 -1.8557696342468262 -0.002910137176513672 0.004831814740193785 5.345616809116502e-05 -0.7500307125209105 
1711710806828358650 -3.5886855125427246 -1.8557696342468262 -0.002910137176513672 0.004831814740193785 5.345616809116502e-05 -0.7500307125209105 
1711710806957674741 -3.529524326324463 -1.9506592750549316 -0.002936229109764099 0.003989589531831761 0.00022340379485491675 -0.9528639837889585 
1711710807066637516 -3.482100009918213 -2.0550622940063477 -0.003003224730491638 0.0022660197757110034 0.0010032834500589213 -1.1002818666287695 
1711710807319019079 -3.3991265296936035 -2.2599563598632812 -0.002927541732788086 0.0005316769283915217 6.281337024725531 -1.1742652135073683 
1711710807421638011 -3.361715793609619 -2.3696765899658203 -0.0029570460319519043 0.003452415119887392 0.00015071430564072424 -1.2338663587674858 
1711710807568084239 -3.340501308441162 -2.4858322143554688 -0.0029327422380447388 0.004554596837769431 0.0009087868751371866 -1.3667792682635138 
1711710807790202379 -3.330345630645752 -2.7257308959960938 -0.0030045509338378906 6.281997488670754 0.00011526472872671993 -1.526599425624724 
1711710807920641422 -3.2860665321350098 -2.9631195068359375 -0.002928107976913452 6.278231246286339 0.0014267207935963339 -1.3315124909593834 
1711710808027260303 -3.2860665321350098 -2.9631195068359375 -0.002928107976913452 6.278231246286339 0.0014267207935963339 -1.3315124909593834 
1711710808278122425 -3.1554999351501465 -3.1586618423461914 -0.0029470324516296387 6.279267215942355 0.0009352214795318656 -0.9266755896754475 
1711710808387667894 -3.0699429512023926 -3.2379703521728516 -0.0030411183834075928 6.281436626949528 0.002840043598359293 -0.7886057350845377 
1711710808518564224 -2.995032787322998 -3.303217887878418 -0.0030201077461242676 0.0007656381315580135 0.010595151207616338 -0.7452689805287349 
1711710808777311325 -2.928457736968994 -3.364001750946045 -0.003072008490562439 2.756937165350015e-05 0.004221405739508466 -0.7434576981063756 
1711710808860954999 -2.913240909576416 -3.378035545349121 -0.002823561429977417 5.838438958716578e-05 6.276827760402739 -0.7434743428630597 
1711710808983915328 -2.8816304206848145 -3.4071435928344727 -0.002614811062812805 2.269869160150483e-05 6.275139316284708 -0.7434521054681298 
1711710809110450744 -2.7699971199035645 -3.509613037109375 -0.0028688013553619385 6.28293758452827 6.279649113239714 -0.7418342351184393 
1711710809219534635 -2.7699971199035645 -3.509613037109375 -0.0028688013553619385 6.28293758452827 6.279649113239714 -0.7418342351184393 
1711710809360820531 -2.6946043968200684 -3.5714893341064453 -0.002901017665863037 6.280806523040496 6.280779358797588 -0.6978725032386635 
1711710809481296777 -2.5021891593933105 -3.6717147827148438 -0.0030351579189300537 6.281819589511315 0.002007925138270694 -0.45406250417553196 
1711710809703328609 -2.412745952606201 -3.70859432220459 -0.0030219554901123047 0.0007776311988975243 0.010165326373682837 -0.41808006891301375 
1711710809830115318 -2.3571114540100098 -3.7329063415527344 -0.0028220564126968384 8.754477200826304e-05 0.014758658160999305 -0.4167668974791816 
1711710810073887109 -2.314695358276367 -3.7517881393432617 -0.0030666887760162354 5.891479897832466e-05 0.0030301563681640886 -0.4166703246009007 
1711710810310886383 -2.3030147552490234 -3.7570314407348633 -0.0030472278594970703 2.6833763621345605e-05 0.0012448259822928076 -0.4166554774779385 
1711710810439905405 -2.3010592460632324 -3.757931709289551 -0.003040224313735962 2.7863714832429944e-05 0.0009036558037964215 -0.4166545786610776 
1711710810550697803 -2.3002467155456543 -3.7583274841308594 -0.00303611159324646 2.742835854273513e-05 0.000712793824885101 -0.4166555773464786 
1711710810664793252 -2.3000779151916504 -3.7584381103515625 -0.003034040331840515 2.7527552515063712e-05 0.0006061257066195674 -0.4166573749802005 
1711710810786066293 -2.3002729415893555 -3.758387565612793 -0.003032684326171875 2.7520969383758006e-05 0.0005455358014348766 -0.41665973853564964 
1711710810898392200 -2.3008904457092285 -3.7581262588500977 -0.0030230581760406494 3.2111624567413444e-05 5.409853947845652e-05 -0.4166590727453823 
1711710811033823013 -2.3008909225463867 -3.7581262588500977 -0.0030338019132614136 1.6227019413844724e-05 0.0006014790887243215 -0.41665880642927533 
1711710811150229930 -2.3008909225463867 -3.7581262588500977 -0.0030338019132614136 1.6227019413844724e-05 0.0006014790887243215 -0.41665880642927533 
1711710811401157855 -2.2516427040100098 -3.796786308288574 -0.0027550607919692993 0.0023523335021650993 6.277459994840626 -0.5404424663582574 
1711710811520885229 -2.2516427040100098 -3.796786308288574 -0.0027550607919692993 0.0023523335021650993 6.277459994840626 -0.5404424663582574 
1711710811630775451 -2.204158306121826 -3.8471498489379883 -0.0028542280197143555 0.0026638921383718983 6.279435527721944 -0.6913002211934227 
1711710811752583026 -2.1557087898254395 -3.9176454544067383 -0.0028727352619171143 0.003758246919497582 6.280476291067885 -0.871407207738244 
1711710811882710218 -2.112244129180908 -4.005840301513672 -0.002914831042289734 0.00266720964643849 6.281119710782264 -1.0427553904207798 
1711710811991357088 -2.070216655731201 -4.104723930358887 -0.002955794334411621 6.281606536625759 6.281991629716401 -1.1355298020683335 
1711710812106662034 -1.947887897491455 -4.298357009887695 -0.0029214024543762207 6.278543368763678 0.000743645531584812 -0.9575061398491158 
1711710812251319408 -1.947887897491455 -4.298357009887695 -0.0029214024543762207 6.278543368763678 0.000743645531584812 -0.9575061398491158 
1711710812354016780 -1.859574317932129 -4.374224662780762 -0.0029082447290420532 6.277644285586632 0.0015320079822243177 -0.7558425289227699 
1711710812602468252 -1.6625094413757324 -4.478930473327637 -0.0030348896980285645 -4.9356177659325585e-05 0.009311461799060838 -0.49092914220262074 
1711710812726677417 -1.556856632232666 -4.5311431884765625 -0.0030684322118759155 -5.507120017662068e-06 0.005826490315322397 -0.47366220451371177 
1711710812837491273 -1.556856632232666 -4.5311431884765625 -0.0030684322118759155 -5.507120017662068e-06 0.005826490315322397 -0.47366220451371177 
1711710812945526361 -1.5387787818908691 -4.540467262268066 -0.003064364194869995 5.512703589879552e-05 0.0036561302969435883 -0.4736235553886914 
1711710813070627450 -1.5228900909423828 -4.547821044921875 -0.00273267924785614 6.282697367399805 6.275326802823997 -0.4676219554711203 
1711710813203895807 -1.4824252128601074 -4.561230659484863 -0.002644836902618408 6.281366319497295 6.275941460398826 -0.41160412671946034 
1711710813305620431 -1.3344669342041016 -4.576939582824707 -0.002902120351791382 6.281912800148746 6.280940746358397 -0.13947150122889607 
1711710813425225019 -1.252051830291748 -4.577853202819824 -0.003057911992073059 0.0005806159915367273 0.007949434363320462 -0.07335607257820342 
1711710813543049573 -1.252051830291748 -4.577853202819824 -0.003057911992073059 0.0005806159915367273 0.007949434363320462 -0.07335607257820342 
1711710813710340023 -1.1718649864196777 -4.581301689147949 -0.003071814775466919 -1.839261665050637e-05 0.00379739876818469 -0.06170881254237148 
1711710813799394369 -1.1718649864196777 -4.581301689147949 -0.003071814775466919 -1.839261665050637e-05 0.00379739876818469 -0.06170881254237148 
1711710813919302225 -1.150247573852539 -4.582711219787598 -0.0030583590269088745 2.3274611967391036e-05 0.0017490548291614755 -0.061676463457756014 
1711710814038350820 -1.150247573852539 -4.582711219787598 -0.0030583590269088745 2.3274611967391036e-05 0.0017490548291614755 -0.061676463457756014 
1711710814158498048 -1.1463332176208496 -4.5829877853393555 -0.0030458420515060425 2.7224984485663085e-05 0.001172864327326703 -0.061672689259177904 
1711710814277104616 -1.143691062927246 -4.583216667175293 -0.003035828471183777 2.7422894950117523e-05 0.0006907673502313041 -0.06167333008231024 
1711710814424616098 -1.1435766220092773 -4.583256721496582 -0.003033742308616638 2.7523850519619577e-05 0.0005936145062096845 -0.061675314969544814 
1711710814519891738 -1.1438241004943848 -4.583273887634277 -0.0030326396226882935 2.751681429007894e-05 0.0005385111939655574 -0.06167779919947991 
1711710814745631217 -1.1442742347717285 -4.583250999450684 -0.0030318349599838257 5.2063262843764745e-06 0.0005073279575223619 -0.061678152900559446 
1711710814865640640 -1.1405291557312012 -4.583294868469238 -0.0028075575828552246 6.282994576175156 6.277165981858559 -0.060130319525806275 
1711710814985920429 -1.1100540161132812 -4.581704139709473 -0.0025276541709899902 6.281832372684448 6.273651674511314 -0.029011045241507105 
1711710815133507490 -0.9806394577026367 -4.54701042175293 -0.002864256501197815 6.279925016726509 6.279991595753245 -6.0537874882041365 
1711710815258469104 -0.900576114654541 -4.502635955810547 -0.0028834789991378784 6.279166548453929 6.28120280140763 -5.865210650773065 
1711710815356993913 -0.900576114654541 -4.502635955810547 -0.0028834789991378784 6.279166548453929 6.28120280140763 -5.865210650773065 
1711710815484965085 -0.8221464157104492 -4.4376420974731445 -0.002894863486289978 6.278678657346006 6.282460878696838 -5.664884479335797 
1711710815611506700 -0.753972053527832 -4.353545188903809 -0.0029054880142211914 6.27841074334242 0.0001450803805960743 -5.458847425301201 
1711710815766697883 -0.7025952339172363 -4.2541608810424805 -0.002912163734436035 6.278258410529247 0.0006592228055346191 -5.249999671073908 
1711710815823653459 -0.6722979545593262 -4.144442558288574 -0.0029157400131225586 6.278175852536094 0.0009393311089683082 -5.039718603559038 
1711710815950522899 -0.6825170516967773 -3.915699005126953 -0.00292833149433136 6.278601958307206 0.001199318827407106 -4.619398816186617 
1711710816081440210 -0.7130551338195801 -3.810957908630371 -0.003064066171646118 6.282203084705316 0.006327287351459432 -4.48549774077577 
1711710816199111938 -0.7365384101867676 -3.731621742248535 -0.0029066503047943115 0.00184488259450645 0.012711987670208647 -4.459862951269571 
1711710816307622671 -0.7365384101867676 -3.731621742248535 -0.0029066503047943115 0.00184488259450645 0.012711987670208647 -4.459862951269571 
1711710816442039489 -0.7483325004577637 -3.6668500900268555 -0.0028307735919952393 0.0013135092703779605 6.277842957402413 -4.495365285170294 
1711710816537827491 -0.7507939338684082 -3.589247703552246 -0.0028480738401412964 0.0033065381316393916 6.279692256449039 -4.605838532653195 
1711710816672307968 -0.7364006042480469 -3.4982242584228516 -0.002886354923248291 0.004363394356550476 6.2814057342811225 -4.787938029731151 
1711710816918403148 -0.6194734573364258 -3.2405834197998047 -0.003030538558959961 6.28239270177346 0.010582189103348627 -5.151654991733494 
1711710817023129463 -0.6194734573364258 -3.2405834197998047 -0.003030538558959961 6.28239270177346 0.010582189103348627 -5.151654991733494 
1711710817157592773 -0.599301815032959 -3.2001819610595703 -0.0030289292335510254 6.28295675928797 0.007928182650075444 -5.156115253892608 
1711710817287368059 -0.5893139839172363 -3.1791677474975586 -0.0030652880668640137 0.00010792071747923494 0.003852021137986661 -5.156077969637636 
1711710817521797180 -0.5809731483459473 -3.162234306335449 -0.003054887056350708 9.510520572925379e-05 0.0016033099586696548 -5.157920877097695 
1711710817623863220 -0.5762848854064941 -3.1561546325683594 -0.002890661358833313 0.0011425379707598327 6.2787116805432674 -5.169138111522216 
1711710817755414724 -0.5762848854064941 -3.1561546325683594 -0.002890661358833313 0.0011425379707598327 6.2787116805432674 -5.169138111522216 
1711710817886533498 -0.5559430122375488 -3.1340112686157227 -0.002530321478843689 0.001650779374323813 6.273949948551092 -5.243018460646454 
1711710818122704029 -0.45461130142211914 -3.0500431060791016 -0.002862200140953064 0.0031222783344779514 6.279684799598044 -5.533586377554229 
1711710818239039421 -0.37426185607910156 -3.008960723876953 -0.002885878086090088 0.004045929432464068 6.2810573928132385 -5.72009819989205 
1711710818355794429 -0.2773318290710449 -2.9801840782165527 -0.0028997212648391724 0.004558615506211339 6.282353286989633 -5.919181740374313 
1711710818590505361 -0.0840158462524414 -2.958120822906494 -0.0030088424682617188 6.282516805079297 0.011081587979924201 -6.142770091121008 
1711710818703810691 -0.03310728073120117 -2.9525985717773438 -0.0029357224702835083 6.282786316979525 0.010519767104594235 -6.150914570303598 
1711710818850927829 -0.007196903228759766 -2.9491772651672363 -0.003068000078201294 0.00011980131080128933 0.00395098800041252 -6.150891134486187 
1711710818952931404 0.0063114166259765625 -2.9474105834960938 -0.003068774938583374 4.659056356118513e-05 0.0026551190512277834 -6.150873557623129 
1711710819082494258 0.013529300689697266 -2.9464845657348633 -0.003057330846786499 2.2994284356284318e-05 0.0017079668571753914 -6.150864502875493 
1711710819182488441 0.018756866455078125 -2.945699691772461 -0.0029527097940444946 6.283029197269059 6.280091197977242 -6.149984594458147 
1711710819426504611 0.09797525405883789 -2.9192466735839844 -0.0028192251920700073 6.2808347525478325 6.278471996047017 -6.026553470475733 
1711710819586860418 0.1626424789428711 -2.8819189071655273 -0.0028602182865142822 6.280068294792045 6.279823283973656 -5.8673267985588495 
1711710819786073446 0.3002142906188965 -2.753938674926758 -0.0030318647623062134 6.281964998105707 0.0017614253943810942 -5.546300841131995 
1711710819915732383 0.35915279388427734 -2.688725471496582 -0.0030435770750045776 0.0007774079901096478 0.009660863329886138 -5.493277304239257 
1711710820044204473 0.46707677841186523 -2.586350440979004 -0.002814263105392456 0.0020508991692485407 6.278942842924096 -5.537974201732254 
1711710820172466516 0.46707677841186523 -2.586350440979004 -0.002814263105392456 0.0020508991692485407 6.278942842924096 -5.537974201732254 
1711710820302230358 0.545651912689209 -2.535689353942871 -0.0028955042362213135 0.0040222246982027365 6.281251803571308 -5.66341707758653 
1711710820402652740 0.641963005065918 -2.4991865158081055 -0.0028938353061676025 0.0049318632517297845 6.2827165421595055 -5.85592900181382 
1711710820546206474 0.7496895790100098 -2.4817872047424316 -0.0029281824827194214 0.00400325461699505 -4.892962326000618e-05 -6.058749489908735 
1711710820627480268 0.8633334636688232 -2.47906494140625 -0.0029769539833068848 0.0023284503569180603 6.282852896006261 -6.213594196601946 
1711710820884818792 1.1002702713012695 -2.4897518157958984 -0.0030106455087661743 6.282852896006261 -6.766272393167114e-05 -0.03972239557612944 
1711710821007776260 1.3440728187561035 -2.4995923042297363 -0.003028005361557007 2.1108322892393096e-05 0.00032484381780249066 -0.039947615778821444 
1711710821128741025 1.4668970108032227 -2.5045289993286133 -0.0030296295881271362 1.9185922577626396e-05 0.00040308734048017866 -0.03982431558249511 
1711710821223788261 1.4668970108032227 -2.5045289993286133 -0.0030296295881271362 1.9185922577626396e-05 0.00040308734048017866 -0.03982431558249511 
1711710821371765375 1.5899531841278076 -2.509646415710449 -0.003030553460121155 0.00038536389303140545 0.000451152781464504 -0.04107460728676404 
1711710821465800762 1.7116971015930176 -2.524399757385254 -0.0029709935188293457 0.0034303355900716648 0.0009604951771664122 -0.11238702831692038 
1711710821586439132 1.9337096214294434 -2.6133604049682617 -0.0029181689023971558 0.005757142017192851 0.0019217125807283186 -0.4504206314130599 
1711710821721379041 1.9337096214294434 -2.6133604049682617 -0.0029181689023971558 0.005757142017192851 0.0019217125807283186 -0.4504206314130599 
1711710821838055133 2.026045322418213 -2.6878390312194824 -0.0029760748147964478 0.003059254783814025 0.000559656146700907 -0.6317975463138481 
1711710821952733039 2.0936338901519775 -2.750314712524414 -0.0036568641662597656 6.271313419092337 6.279511161496316 -0.7024461494803091 
1711710822058251619 2.089810371398926 -2.747464656829834 -0.002770736813545227 0.0012892252205617266 6.275845586600326 -0.6814723578988335 
1711710822192324399 2.0948755741119385 -2.7499513626098633 -0.0026754140853881836 6.280909853689991 6.274825595910727 -0.6739475962971042 
1711710822318895578 2.1359822750091553 -2.768362045288086 -0.0028663724660873413 6.281975650749985 6.279464822493708 -0.5828548377068543 
1711710822425743341 2.1359822750091553 -2.768362045288086 -0.0028663724660873413 6.281975650749985 6.279464822493708 -0.5828548377068543 
1711710822558800697 2.1819982528686523 -2.7837648391723633 -0.0028456896543502808 6.281846753754223 6.279106893645974 -0.47746443286207807 
1711710822659336805 2.245933771133423 -2.8015012741088867 -0.0027924031019210815 6.282329851172221 6.27827385686345 -0.3685715051577887 
1711710822818982362 2.3623557090759277 -2.8350276947021484 -0.003024578094482422 0.00046876332414772307 0.01003666552540694 -0.3169158343693468 
1711710822918648242 2.376465320587158 -2.8388357162475586 -0.0037116259336471558 6.267921084522072 0.02355315462339913 -0.29885174599332487 
1711710823035271406 2.376465320587158 -2.8388357162475586 -0.0037116259336471558 6.267921084522072 0.02355315462339913 -0.29885174599332487 
1711710823148710966 2.3715696334838867 -2.837148666381836 -0.0021899640560150146 6.281706138849756 0.00568715705712014 -0.24782677832515532 
1711710823380813121 2.299226999282837 -2.8049488067626953 -0.003063514828681946 0.0003514020550285553 0.005044861383965982 -0.08855091282989225 
1711710823549366712 2.156898021697998 -2.7781801223754883 -0.0030585378408432007 0.0023030905096639576 0.0058800687467910895 -6.064025744619528 
1711710823642378807 2.061997890472412 -2.782975196838379 -0.003047272562980652 0.003464973068656868 0.0047941362125475395 -5.8749066875947165 
1711710824001578807 1.897620677947998 -2.8076276779174805 -0.004503950476646423 0.022997038738422626 0.014871411823371705 -5.32960688176189 
1711710824100225925 1.8600573539733887 -2.806056022644043 -0.0033688396215438843 0.025901729791519834 0.014596577762193697 -5.101609401548615 
1711710824260373830 1.8540878295898438 -2.8065690994262695 -0.0031333714723587036 0.026060052636504016 0.014890594905450083 -5.065504394297875 
1711710824348886728 1.8540878295898438 -2.8065690994262695 -0.0031333714723587036 0.026060052636504016 0.014890594905450083 -5.065504394297875 
1711710824485435009 1.8496208190917969 -2.8071022033691406 -0.0029587596654891968 0.02619683508574444 0.015103515673249857 -5.03799766887596 
1711710824591303825 1.8463754653930664 -2.807130813598633 -0.0029247403144836426 0.026137169874815847 0.014881169811977735 -5.018030352441656 
1711710824718071222 1.8541755676269531 -2.751368999481201 -0.0026471763849258423 6.280458714204826 6.27639526304506 -4.940627706486964 
1711710824831403255 1.8525390625 -2.6866965293884277 -0.0028564631938934326 6.2806557881239655 6.27933645813016 -4.806857658600734 
1711710825175766706 1.804509162902832 -2.5171079635620117 -0.002886742353439331 6.2789678766381485 6.281636896661951 -4.4388093314350385 
1711710825312660932 1.7503607273101807 -2.428142547607422 -0.0028986185789108276 6.278585979340789 6.2827650116909695 -4.236299367920822 
1711710825428334712 1.6759324073791504 -2.3477182388305664 -0.002907887101173401 6.278354816959961 0.0003298667632433902 -4.029215691585932 
1711710825561745166 1.5842759609222412 -2.2824344635009766 -0.002916187047958374 6.2782903684620806 0.0009315551467792976 -3.8201847118770615 
1711710825672683477 1.487903118133545 -2.234072685241699 -0.003063678741455078 6.281732770460451 0.0059082129497492475 -3.670928116055876 
1711710825787342786 1.4127240180969238 -2.2004499435424805 -0.0029308199882507324 0.0007384247996211277 0.01270571779842522 -3.6167026945724956 
1711710826038109302 1.2812256813049316 -2.160979747772217 -0.002814546227455139 6.282354884886274 6.278853360712162 -3.4568512450687194 
1711710826173249006 1.1923141479492188 -2.1432275772094727 -0.0028835833072662354 6.282608417820086 6.279963366245909 -3.3750234906810306 
1711710826261483907 1.0917987823486328 -2.1220240592956543 -0.002922534942626953 0.00032979338977496067 6.280964182175808 -3.3564298327263486 
1711710826389676809 0.8699538707733154 -2.0698699951171875 -0.0029793530702590942 0.0021837280986650165 6.282974868783242 -3.384815667617289 
1711710826503932237 0.7589540481567383 -2.027566432952881 -0.002934202551841736 0.004686491970328499 0.0009183509133166984 -3.4897474095468795 
1711710826621200323 0.7589540481567383 -2.027566432952881 -0.002934202551841736 0.004686491970328499 0.0009183509133166984 -3.4897474095468795 
1711710826764760732 0.659003734588623 -1.964156150817871 -0.0029072314500808716 0.00605725010109831 0.0018374018166742584 -3.67104982251675 
1711710826860257148 0.5766792297363281 -1.8804712295532227 -0.0029294490814208984 0.005203743388745019 0.0014264837358507476 -3.882738903289038 
1711710827109094381 0.4291377067565918 -1.6082911491394043 -0.002982214093208313 6.282506152435019 0.011493267948477492 -4.238509791608465 
1711710827225952863 0.4291377067565918 -1.6082911491394043 -0.002982214093208313 6.282506152435019 0.011493267948477492 -4.238509791608465 
1711710827348322629 0.4079008102416992 -1.5652885437011719 -0.0030248016119003296 6.283061687834106 0.008371970874420931 -4.24112448314645 
1711710827463582277 0.39266252517700195 -1.5353879928588867 -0.0027582496404647827 8.984048869566021e-05 6.275967026745093 -4.241137798951797 
1711710827577000379 0.3680424690246582 -1.486997127532959 -0.0027117282152175903 3.495159960367929e-05 6.276871436244278 -4.241065360970708 
1711710827707831144 0.2925262451171875 -1.3387236595153809 -0.0028776228427886963 4.77006176638115e-05 6.27991010302452 -4.240772413253069 
1711710827839647531 0.2925262451171875 -1.3387236595153809 -0.0028776228427886963 4.77006176638115e-05 6.27991010302452 -4.240772413253069 
1711710827957704305 0.28964710235595703 -1.332768440246582 -0.0030108392238616943 0.000400860876708653 6.27958839316733 -4.243013196976904 
1711710828065498113 0.28960418701171875 -1.3326711654663086 -0.0029937028884887695 -3.9072371599406e-05 6.279616622674666 -4.2429122631723715 
1711710828313319444 0.2895822525024414 -1.3326830863952637 -0.002993851900100708 1.0747413938886068e-05 6.279616622674666 -4.2430086696030855 
1711710828429094076 0.28957080841064453 -1.3326892852783203 -0.002993836998939514 1.0495489288434435e-05 6.279616622674666 -4.243046752806379 
1711710828559974431 0.2893071174621582 -1.3327827453613281 -0.002991914749145508 6.282432116557288 6.2796065026626025 -4.243547160771328 
1711710828659717798 0.28923845291137695 -1.332852840423584 -0.002998173236846924 0.00010965217041318445 6.279604372133747 -4.244196173123953 
1711710828798517942 0.2892484664916992 -1.3328657150268555 -0.003000199794769287 0.00016755262263981607 6.279604904765961 -4.2442081573487656 
1711710828907283544 0.2984476089477539 -1.3599271774291992 -0.0029373764991760254 6.282026250810304 0.011339865709688035 -4.19872482839196 
1711710829040048837 0.2984476089477539 -1.3599271774291992 -0.0029373764991760254 6.282026250810304 0.011339865709688035 -4.19872482839196 
1711710829142560720 0.3162965774536133 -1.4113235473632812 -0.0030595064163208008 0.00045800408190670855 0.006875490735227252 -4.082763871209352 
1711710829280093431 0.40259265899658203 -1.552478313446045 -0.003040611743927002 0.004258821852162614 0.004892363163523927 -3.743449454086374 
1711710829507845878 0.4729037284851074 -1.6153802871704102 -0.0029228031635284424 0.003818038266472923 6.282119461447735 -3.6294389960710305 
1711710829624846458 0.5398969650268555 -1.6578598022460938 -0.002564936876296997 0.002491535682908469 6.272550723725203 -3.581826203523093 
1711710829858674287 0.5821704864501953 -1.678567886352539 -0.002741113305091858 -2.7223348861989908e-05 6.276778225606847 -3.576452743433265 
1711710830102186441 0.5330281257629395 -1.6556816101074219 -0.0028672367334365845 5.016634981267051e-05 6.279670951160483 -3.5763472822549147 
1711710830227177381 0.48777103424072266 -1.634631633758545 -0.002876386046409607 5.08627272586366e-05 6.279805707110597 -3.576210129459838 
1711710830356736421 0.43019676208496094 -1.6078753471374512 -0.0028608590364456177 4.8736977268765656e-05 6.279425940342094 -3.5759952123615335 
1711710830478474617 0.3594093322753906 -1.5750055313110352 -0.0028513073921203613 4.6928477316571585e-05 6.279279999115488 -3.5757581910263525 
1711710830753155469 0.11410951614379883 -1.401127815246582 -0.0029072612524032593 0.004881730284894692 0.00013437681051486731 -3.8720095599724402 
1711710830829667806 0.11410951614379883 -1.401127815246582 -0.0029072612524032593 0.004881730284894692 0.00013437681051486731 -3.8720095599724402 
1711710830942576408 0.05249357223510742 -1.3069519996643066 -0.0029144883155822754 0.005194734934338419 0.0008106110937838862 -4.076731811387049 
1711710831071503639 0.010813713073730469 -1.2003564834594727 -0.002939164638519287 0.0042194687059493585 0.0006454679297112492 -4.282296420647924 
1711710831318030834 -0.040241241455078125 -0.970405101776123 -0.0030290186405181885 0.000244706141319731 0.000644988937826517 -4.499767490418094 
1711710831431072235 -0.06195878982543945 -0.8636865615844727 -0.003048151731491089 6.283057959408609 0.00809828270071089 -4.506382782514606 
1711710831559659004 -0.07784605026245117 -0.7875547409057617 -0.0028819292783737183 7.51062704990339e-05 0.0138530689646843 -4.506231514965862 
1711710831670260667 -0.08852386474609375 -0.7363529205322266 -0.002912163734436035 4.700735298240107e-05 6.278675461552723 -4.506163338042484 
1711710831800670862 -0.10190296173095703 -0.6722564697265625 -0.0027502775192260742 4.59130333763276e-05 6.277656003495338 -4.506070660037267 
1711710831936951637 -0.11897945404052734 -0.5905332565307617 -0.0028760582208633423 4.912557300788345e-05 6.279743389141572 -4.505919392488522 
1711710832039279937 -0.13701391220092773 -0.4950437545776367 -0.0029000043869018555 0.0006660795350283202 6.280449126824976 -4.522231786671114 
1711710832147893190 -0.15674543380737305 -0.38942575454711914 -0.002945736050605774 -4.775968704446567e-05 6.281470715411217 -4.525964473226054 
1711710832273527860 -0.17779064178466797 -0.27770328521728516 -0.003021717071533203 5.16128994528897e-05 0.0003846215758944449 -4.525915471062376 
1711710832394780635 -0.20988130569458008 -0.1073307991027832 -0.0027832239866256714 5.02787831935139e-05 0.014833158011322567 -4.525621990712523 
1711710832521147012 -0.20988130569458008 -0.1073307991027832 -0.0027832239866256714 5.02787831935139e-05 0.014833158011322567 -4.525621990712523 
1711710832655708789 -0.21470117568969727 -0.07613945007324219 -0.003087669610977173 0.0003475586441711864 0.0038167639022892996 -4.534800841654487 
1711710832865719556 -0.2093367576599121 0.0026564598083496094 -0.0027867108583450317 0.002225572496820094 6.278200886250147 -4.675891919320634 
1711710832981678009 -0.1919994354248047 0.07381820678710938 -0.0028477609157562256 0.0028600084638531753 6.279328468646952 -4.832680733594543 
1711710833129710674 -0.15760517120361328 0.15572643280029297 -0.0028837621212005615 0.003978711923264405 6.280917843173199 -5.017227675695324 
1711710833225348711 -0.10795974731445312 0.2413043975830078 -0.0029918700456619263 0.0018931512185557664 0.0004392128993240853 -5.168657677265287 
1711710833349363803 -0.058144569396972656 0.3179607391357422 -0.003044337034225464 6.2829098876531475 0.008655422238223465 -5.235994639641888 
1711710833471364021 -0.026901721954345703 0.36786556243896484 -0.0028541237115859985 6.282712813734008 0.013131055830135074 -5.2464581994837545 
1711710833620610475 -0.011084556579589844 0.39453840255737305 -0.003070935606956482 0.00012590059821067194 0.004282641279200472 -5.246413991010002 
1711710833847632646 0.003749847412109375 0.41943979263305664 -0.0030474960803985596 2.678741756422117e-05 0.0012571999284786278 -5.246376706755029 
1711710833970853328 0.003749847412109375 0.41943979263305664 -0.0030474960803985596 2.678741756422117e-05 0.0012571999284786278 -5.246376706755029 
1711710834066588640 0.004899024963378906 0.42131900787353516 -0.0030402839183807373 2.7806943452240822e-05 0.0009114334564685328 -5.2463756414906015 
1711710834315725088 0.005538463592529297 0.4222722053527832 -0.0030339807271957397 2.7507547110484703e-05 0.0006084602637816683 -5.246378304651671 
1711710834436830520 0.005469799041748047 0.4220919609069824 -0.003032892942428589 2.753640316937472e-05 0.0005470610723217958 -5.2463804351805265 
1711710834587459802 0.005261898040771484 0.42172813415527344 -0.0030320435762405396 5.1991376675370946e-06 0.0005122083172155734 -5.24638096781274 
1711710834787689208 0.005136966705322266 0.42151689529418945 -0.0030338168144226074 1.7128943959762938e-05 0.0006004908062962055 -5.246379369916099 
1711710834913392066 0.029113292694091797 0.4444746971130371 -0.0025385022163391113 0.001887287972976645 6.273935034849103 -5.321628583830034 
1711710835037497997 0.029113292694091797 0.4444746971130371 -0.0025385022163391113 0.001887287972976645 6.273935034849103 -5.321628583830034 
1711710835273124694 0.13807106018066406 0.5211267471313477 -0.0028666704893112183 0.0031717010383364164 6.2798722861373335 -5.613067887039733 
1711710835411820650 0.22244024276733398 0.5561466217041016 -0.0028875768184661865 0.0041153352070190385 6.281172441371439 -5.8009102246478506 
1711710835512126207 0.3220815658569336 0.577174186706543 -0.0029008090496063232 0.004587549814963343 6.282450758684774 -6.000745841816126 
1711710835640540599 0.43042898178100586 0.5783519744873047 -0.0029113590717315674 0.004861108991809082 0.00014940712332844365 -6.206407922772144 
1711710835764574766 0.5361213684082031 0.5630192756652832 -0.003062501549720764 0.0018291945212202398 0.0050364890713539 -0.07717619404000509 
1711710835891033411 0.6210322380065918 0.5457720756530762 -0.0030247271060943604 6.28269523687095 0.010375320785198094 -0.14224708930736796 
1711710835988635063 0.6670775413513184 0.5374212265014648 -0.0029035210609436035 6.282742108505772 0.010747462174545697 -0.15121298723231646 
1711710836113779544 0.6899151802062988 0.5339179039001465 -0.0030708760023117065 0.0001282574242366958 0.00341916357737046 -0.1512196284902334 
1711710836241850137 0.6960151195526123 0.5329599380493164 -0.003034532070159912 3.761682501306901e-05 0.009334578245203118 -0.15106839423100205 
1711710836345742225 0.6757893562316895 0.5359992980957031 -0.0030467212200164795 4.322497019043289e-05 0.008589083520161855 -0.15125907656357462 
1711710836500412702 0.6291608810424805 0.5430722236633301 -0.0030561089515686035 5.292458836555179e-05 0.006477252447993631 -0.15135566608661222 
1711710836603878021 0.565126895904541 0.5528049468994141 -0.003066137433052063 4.799872785676623e-05 0.004515058258563742 -0.15159475137162204 
1711710836733376741 0.3921546936035156 0.576284646987915 -0.003064587712287903 0.0007066114681114274 0.00440212826580022 -0.18737991297792078 
1711710836833426237 0.3921546936035156 0.576284646987915 -0.003064587712287903 0.0007066114681114274 0.00440212826580022 -0.18737991297792078 
1711710836957884788 0.28645753860473633 0.5870773792266846 -0.0030639618635177612 6.282243564753571 0.002608878616787852 -0.2954224267737082 
1711710837193131446 0.11893320083618164 0.6213016510009766 -0.0019842535257339478 6.278311673750636 6.265054990579131 -0.5348965665891825 
1711710837315492868 0.09441995620727539 0.6319003105163574 -0.0026271790266036987 6.282162072024846 6.275081792005608 -0.5636913964413637 
1711710837446018695 0.12568092346191406 0.6238434314727783 -0.002835214138031006 6.282307480619238 6.279009954583046 -0.48183634465271297 
1711710837541898727 0.12568092346191406 0.6238434314727783 -0.002835214138031006 6.282307480619238 6.279009954583046 -0.48183634465271297 
1711710837655403137 0.16869211196899414 0.6141467094421387 -0.0028542131185531616 6.281812665292534 6.2792965107141185 -0.3862064584169822 
1711710837847117424 0.22888708114624023 0.607107400894165 -0.0028423815965652466 6.280992411683144 6.279052032527943 -0.25133514349426456 
1711710838040522813 0.3957657814025879 0.6265461444854736 -0.002883508801460266 6.279140449475449 6.281228900386111 -6.178288137672041 
1711710838167521476 0.49036741256713867 0.6642131805419922 -0.002894863486289978 6.278684516300359 6.282452356581416 -5.977993924167606 
1711710838264196634 0.5811104774475098 0.7232129573822021 -0.0029054880142211914 6.2784112759746336 0.00014218233990349535 -5.77197604489271 
1711710838390829801 0.7364711761474609 0.8772602081298828 -0.003057435154914856 6.282828927556636 0.006589028230910843 -5.505327042814088 
1711710838517875432 0.7364711761474609 0.8772602081298828 -0.003057435154914856 6.282828927556636 0.006589028230910843 -5.505327042814088 
1711710838652503252 0.8021180629730225 0.9468462467193604 -0.0029719024896621704 0.0007056066059452082 6.281082426527291 -5.487215417012976 
1711710838757681608 0.8734300136566162 1.0198392868041992 -0.0029027462005615234 9.378387781198852e-06 6.28074953139361 -5.48670515535207 
1711710838984918832 1.0323398113250732 1.1822233200073242 -0.002997368574142456 5.082076589205467e-05 6.282608417820086 -5.486443100302836 
1711710839140821218 1.2009687423706055 1.354663372039795 -0.003024861216545105 1.6484427975220462e-05 0.0001603451666666502 -5.486199154748874 
1711710839267523050 1.2009687423706055 1.354663372039795 -0.003024861216545105 1.6484427975220462e-05 0.0001603451666666502 -5.486199154748874 
1711710839368193626 1.286543846130371 1.4422056674957275 -0.00302790105342865 2.0004988053725975e-05 0.0003188716661005342 -5.486076116707466 
1711710839469313621 1.3693935871124268 1.5327420234680176 -0.0029979199171066284 6.281107992873558 0.0006742341004133123 -5.45524470100645 
1711710839592922210 1.4409656524658203 1.6315853595733643 -0.002940654754638672 6.278758019545876 0.0012902311880438194 -5.352330569903074 
1711710839714673995 1.4909021854400635 1.7406647205352783 -0.002897918224334717 6.277122838649234 0.002082974915750338 -5.173744847540149 
1711710839834430217 1.5205414295196533 1.8524928092956543 -0.0030610859394073486 6.281561262887578 0.004508718166713055 -5.019950491572729 
1711710839977351188 1.5399093627929688 1.946216106414795 -0.0030175596475601196 0.0005006609197381363 0.010566074898283873 -4.959503659515008 
1711710840177592277 1.5635294914245605 2.0454156398773193 -0.002591252326965332 -2.643815400282432e-05 6.273779506242647 -4.953936054983217 
1711710840322233438 1.5999431610107422 2.193018674850464 -0.0028692036867141724 4.90863546126789e-05 6.279681071172547 -4.953689446268186 
1711710840439580202 1.5999431610107422 2.193018674850464 -0.0028692036867141724 4.90863546126789e-05 6.279681071172547 -4.953689446268186 
1711710840681440830 1.668715000152588 2.3863604068756104 -0.002975255250930786 0.00198517617714708 6.28308139522602 -5.08075471984597 
1711710840911386251 1.7405977249145508 2.547623634338379 -0.0028375089168548584 9.777548023780854e-06 0.014234587593828785 -5.117349216101275 
1711710841032953262 1.7562901973724365 2.5842254161834717 -0.0030727386474609375 6.7380547354673e-05 0.00543736191148142 -5.117242689658497 
1711710841173845529 1.7644424438476562 2.603158473968506 -0.003064468502998352 5.123216689838705e-05 0.003677259515182385 -5.117208068564594 
1711710841291003942 1.7688405513763428 2.613337993621826 -0.0030687153339385986 4.6670902145082554e-05 0.0022803264642295984 -5.117192089598177 
1711710841512961864 1.7723846435546875 2.6214404106140137 -0.0030427277088165283 2.8246300416485308e-05 0.0010289074678068028 -5.117183567482755 
1711710841653782606 1.7729523181915283 2.6226823329925537 -0.003037691116333008 2.738746998273635e-05 0.000783305890592334 -5.117184100114969 
1711710841769934415 1.7731633186340332 2.62309193611145 -0.003034815192222595 2.751124301043689e-05 0.0006455651975081217 -5.11718569801161 
1711710841884963989 1.7731728553771973 2.6230316162109375 -0.003033265471458435 2.758373872802566e-05 0.0005680449090139303 -5.117187828540466 
1711710842101858377 1.772895336151123 2.622339963912964 -0.00302693247795105 3.264224120529862e-05 0.0002100197362524779 -5.117187828540466 
1711710842243223667 1.7728948593139648 2.6223397254943848 -0.003029957413673401 1.6687510464594244e-05 0.0004647691677107761 -5.117186763276038 
1711710842359320640 1.772895097732544 2.6223394870758057 -0.0030322670936584473 2.2228269978453877e-05 0.0004920957295061201 -5.117187295908252 
1711710842477873086 1.772895336151123 2.6223392486572266 -0.003029748797416687 2.0620575849390364e-05 0.0004172844401808401 -5.117186763276038 
1711710842724498748 1.772895336151123 2.6223392486572266 -0.0030305832624435425 2.0903723641439156e-05 0.0004428393431773342 -5.117186763276038 
1711710842817541122 1.772895336151123 2.6223392486572266 -0.003030911087989807 2.0878535036872228e-05 0.00045543662818819247 -5.117186763276038 
1711710842961729288 1.772895336151123 2.6223392486572266 -0.0030308663845062256 2.0928012145028175e-05 0.0004511932230217598 -5.117186763276038 
1711710843185417413 1.772895336151123 2.6223390102386475 -0.003030911087989807 2.091596542110486e-05 0.00045196941483931566 -5.117187295908252 
1711710843303057909 1.772895336151123 2.6223390102386475 -0.003030925989151001 2.0858834406890705e-05 0.0004521102125760318 -5.117187295908252 
1711710843430583477 1.772895336151123 2.6223390102386475 -0.003030925989151001 2.0858834406890705e-05 0.0004521102125760318 -5.117187295908252 
1711710843550041913 1.772895336151123 2.6223390102386475 -0.003030925989151001 2.089956448409879e-05 0.00045199434946505135 -5.117187295908252 
1711710843689755678 1.772895336151123 2.6223390102386475 -0.003030940890312195 2.0891648471886744e-05 0.0004520604408524316 -5.117187295908252 
1711710843781506299 1.772895336151123 2.6223390102386475 -0.003030925989151001 2.0916560747485284e-05 0.0004520767930255021 -5.117187295908252 
1711710843944968223 1.772895336151123 2.6223390102386475 -0.003030925989151001 2.0891648471886744e-05 0.0004520604408524316 -5.117187295908252 
1711710844019882917 1.772895336151123 2.6223390102386475 -0.003030911087989807 2.0908063631707363e-05 0.0004520355387359863 -5.117187295908252 
1711710844162780284 1.772895336151123 2.6223390102386475 -0.003030911087989807 2.0932975907305904e-05 0.0004520518909090568 -5.117187295908252 
1711710844270575046 1.772895336151123 2.6223390102386475 -0.003030911087989807 2.0891648471886744e-05 0.0004520604408524316 -5.117187295908252 
1711710844387188434 1.772895336151123 2.6223390102386475 -0.003030940890312195 2.0891648471886744e-05 0.0004520604408524316 -5.117187295908252 
1711710844525174140 1.772895336151123 2.6223390102386475 -0.003030940890312195 2.0891648471886744e-05 0.0004520604408524316 -5.117187295908252 
1711710844631438016 1.772895336151123 2.6223390102386475 -0.003030940890312195 2.0891648471886744e-05 0.0004520604408524316 -5.117187295908252 
1711710844757987976 1.772895336151123 2.6223390102386475 -0.003030925989151001 2.0891648471886744e-05 0.0004520604408524316 -5.117187295908252 
1711710844879814624 1.772895336151123 2.6223390102386475 -0.003030911087989807 2.0924462536882783e-05 0.0004520106691288314 -5.117187295908252 
1711710844997297525 1.772895336151123 2.6223390102386475 -0.003030925989151001 2.0932975907305904e-05 0.0004520518909090568 -5.117187295908252 
1711710845115038156 1.772895336151123 2.6223390102386475 -0.003030940890312195 2.0932975907305904e-05 0.0004520518909090568 -5.117187295908252 
1711710845253533124 1.772895336151123 2.6223390102386475 -0.003030925989151001 2.0908063631707363e-05 0.0004520355387359863 -5.117187295908252 
1711710845339077472 1.772895336151123 2.6223390102386475 -0.003030925989151001 2.0908063631707363e-05 0.0004520355387359863 -5.117187295908252 
1711710845606446027 1.772895336151123 2.6223390102386475 -0.003030925989151001 2.0891648471886744e-05 0.0004520604408524316 -5.117187295908252 
